wavelength,flux
3799.27,9.35888e-17
3800.14,6.26015e-17
3801.02,3.16232e-17
3801.89,8.39246e-17
3802.77,6.59510e-17
3803.64,8.34165e-17
3804.52,1.11987e-16
3805.40,2.66979e-17
3806.27,2.74975e-17
3807.15,5.83599e-17
3808.03,9.70606e-17
3808.90,1.21966e-16
3809.78,1.36906e-17
3810.66,6.17479e-17
3811.54,6.04684e-17
3812.41,5.14213e-17
3813.29,1.61676e-17
3814.17,9.31836e-17
3815.05,1.14993e-16
3815.93,9.02199e-17
3816.81,9.64009e-17
3817.68,5.41549e-17
3818.56,7.22840e-17
3819.44,5.76788e-17
3820.32,4.62927e-17
3821.20,5.12170e-17
3822.08,6.44312e-17
3822.96,5.30386e-17
3823.84,5.32985e-17
3824.72,7.38188e-17
3825.60,7.79709e-17
3826.48,7.34456e-17
3827.37,4.92312e-17
3828.25,7.70696e-17
3829.13,9.26860e-17
3830.01,2.40661e-17
3830.89,3.73855e-17
3831.78,6.49850e-17
3832.66,7.52060e-17
3833.54,7.56457e-17
3834.42,3.49244e-17
3835.31,6.41103e-17
3836.19,6.95645e-17
3837.07,5.15921e-17
3837.96,4.75500e-17
3838.84,4.74474e-17
3839.72,4.99288e-17
3840.61,6.19725e-17
3841.49,7.16344e-17
3842.38,6.42837e-17
3843.26,6.84241e-17
3844.15,1.09801e-16
3845.03,1.05357e-16
3845.92,5.29125e-17
3846.80,8.61417e-17
3847.69,8.29426e-17
3848.58,5.59153e-17
3849.46,4.76918e-17
3850.35,5.54068e-17
3851.23,8.80336e-17
3852.12,6.50568e-17
3853.01,6.71135e-17
3853.90,7.56493e-17
3854.78,9.13877e-17
3855.67,6.46110e-17
3856.56,7.01549e-17
3857.45,8.38520e-17
3858.34,5.66427e-17
3859.22,4.86826e-17
3860.11,9.17890e-17
3861.00,9.84983e-17
3861.89,1.03147e-16
3862.78,8.76570e-17
3863.67,8.44143e-17
3864.56,7.71725e-17
3865.45,8.80867e-17
3866.34,8.94927e-17
3867.23,4.62591e-17
3868.12,2.94526e-17
3869.01,8.45044e-17
3869.90,7.16859e-17
3870.79,9.98642e-17
3871.68,7.54169e-17
3872.58,3.88338e-17
3873.47,4.64829e-17
3874.36,8.31091e-17
3875.25,7.42204e-17
3876.14,4.69986e-17
3877.04,1.00685e-16
3877.93,6.08756e-17
3878.82,6.61480e-17
3879.72,3.75387e-17
3880.61,6.53871e-17
3881.50,5.71281e-17
3882.40,8.40480e-17
3883.29,9.18689e-17
3884.18,5.04480e-17
3885.08,9.29076e-17
3885.97,1.24502e-16
3886.87,8.49017e-17
3887.76,7.76462e-17
3888.66,7.37751e-17
3889.56,8.47067e-17
3890.45,1.01408e-16
3891.35,6.22858e-17
3892.24,1.94450e-17
3893.14,3.52204e-17
3894.04,4.03966e-17
3894.93,7.26286e-17
3895.83,4.76010e-17
3896.73,5.52474e-17
3897.62,6.51222e-17
3898.52,6.24094e-17
3899.42,4.88620e-17
3900.32,3.43576e-17
3901.22,3.52537e-17
3902.11,6.54576e-17
3903.01,1.00515e-16
3903.91,6.94091e-17
3904.81,5.62033e-17
3905.71,5.22762e-17
3906.61,5.21405e-17
3907.51,5.39957e-17
3908.41,7.92346e-17
3909.31,7.58080e-17
3910.21,3.91705e-17
3911.11,6.47290e-17
3912.01,7.74491e-17
3912.91,7.21320e-17
3913.81,5.06642e-17
3914.71,4.69468e-17
3915.61,8.67746e-17
3916.52,7.62283e-17
3917.42,5.08120e-17
3918.32,5.75859e-17
3919.22,5.78908e-17
3920.13,6.57551e-17
3921.03,7.18787e-17
3921.93,6.90520e-17
3922.84,8.96585e-17
3923.74,7.58204e-17
3924.64,6.26598e-17
3925.55,6.67626e-17
3926.45,6.63457e-17
3927.35,7.08501e-17
3928.26,9.58369e-17
3929.16,7.69388e-17
3930.07,3.67654e-17
3930.97,9.21306e-17
3931.88,7.04318e-17
3932.78,4.71969e-17
3933.69,6.82395e-17
3934.59,9.39934e-17
3935.50,6.58381e-17
3936.41,3.98649e-17
3937.31,9.57736e-17
3938.22,7.09728e-17
3939.13,7.30015e-17
3940.03,4.71441e-17
3940.94,3.40487e-17
3941.85,5.55385e-17
3942.76,8.72592e-17
3943.67,9.47714e-17
3944.57,6.93996e-17
3945.48,3.46144e-17
3946.39,3.45140e-17
3947.30,8.04485e-17
3948.21,4.46242e-17
3949.12,7.95079e-17
3950.03,2.61091e-17
3950.94,2.12186e-17
3951.85,6.73300e-17
3952.76,7.37758e-17
3953.66,6.44608e-17
3954.58,7.61047e-17
3955.49,3.86195e-17
3956.40,3.65157e-17
3957.31,6.27428e-17
3958.22,6.01230e-17
3959.13,6.18253e-17
3960.05,5.70596e-17
3960.96,4.93255e-17
3961.87,4.83588e-17
3962.78,5.42979e-17
3963.69,6.06894e-17
3964.61,5.51861e-17
3965.52,4.13990e-17
3966.43,4.74683e-17
3967.35,1.19061e-17
3968.26,4.57145e-17
3969.17,2.20449e-17
3970.09,2.30920e-17
3971.00,6.85382e-17
3971.92,5.69183e-17
3972.83,2.91359e-17
3973.74,4.32732e-17
3974.66,2.82536e-17
3975.58,6.95734e-17
3976.49,5.86687e-17
3977.41,4.72685e-17
3978.32,3.87085e-17
3979.24,4.01839e-17
3980.16,5.44825e-17
3981.07,6.41307e-17
3981.99,6.15550e-17
3982.91,5.09944e-17
3983.82,5.40178e-17
3984.74,6.77079e-17
3985.66,8.80411e-17
3986.58,5.85796e-17
3987.49,3.16204e-17
3988.41,4.86450e-17
3989.33,7.37220e-17
3990.25,6.63701e-17
3991.17,5.34024e-17
3992.09,6.24346e-17
3993.01,5.49839e-17
3993.93,6.98421e-17
3994.85,6.59380e-17
3995.76,5.66119e-17
3996.69,5.96995e-17
3997.61,7.50593e-17
3998.53,8.05464e-17
3999.45,5.71350e-17
4000.37,3.90924e-17
4001.29,7.54366e-17
4002.21,7.13120e-17
4003.13,5.60179e-17
4004.05,6.27884e-17
4004.98,7.54621e-17
4005.90,8.58059e-17
4006.82,6.73086e-17
4007.74,3.60937e-17
4008.67,4.89523e-17
4009.59,8.35307e-17
4010.51,4.94758e-17
4011.44,7.56103e-17
4012.36,5.10502e-17
4013.28,6.95787e-17
4014.21,7.17174e-17
4015.13,8.43118e-17
4016.06,8.51284e-17
4016.98,7.99580e-17
4017.91,9.22484e-17
4018.83,7.72020e-17
4019.76,6.87131e-17
4020.68,9.26798e-17
4021.61,8.57423e-17
4022.54,9.38023e-17
4023.46,6.43351e-17
4024.39,6.21191e-17
4025.32,7.20827e-17
4026.24,6.67552e-17
4027.17,6.80981e-17
4028.10,7.39084e-17
4029.03,7.03826e-17
4029.95,7.64714e-17
4030.88,9.66270e-17
4031.81,7.47698e-17
4032.74,5.29621e-17
4033.67,6.92983e-17
4034.59,7.61452e-17
4035.53,8.24753e-17
4036.45,9.93269e-17
4037.38,8.16679e-17
4038.31,8.61583e-17
4039.24,5.18330e-17
4040.17,6.65874e-17
4041.10,6.82987e-17
4042.03,8.60744e-17
4042.96,7.99033e-17
4043.90,8.81751e-17
4044.83,8.90840e-17
4045.76,7.19570e-17
4046.69,8.49797e-17
4047.62,6.75184e-17
4048.55,1.00449e-16
4049.49,5.00839e-17
4050.42,8.32566e-17
4051.35,6.49614e-17
4052.29,5.31131e-17
4053.22,6.47826e-17
4054.15,7.39206e-17
4055.09,6.97850e-17
4056.02,6.75779e-17
4056.95,8.82070e-17
4057.89,6.84751e-17
4058.82,8.96232e-17
4059.76,5.10588e-17
4060.69,8.42845e-17
4061.63,7.68283e-17
4062.56,7.38030e-17
4063.50,7.08241e-17
4064.43,4.82837e-17
4065.37,5.93883e-17
4066.31,7.78003e-17
4067.24,4.26758e-17
4068.18,7.35251e-17
4069.11,7.50572e-17
4070.05,7.66420e-17
4070.99,6.86555e-17
4071.93,6.81146e-17
4072.86,5.89114e-17
4073.80,6.09785e-17
4074.74,7.64144e-17
4075.68,5.35505e-17
4076.62,6.09219e-17
4077.56,6.41151e-17
4078.50,4.70902e-17
4079.43,6.49403e-17
4080.37,6.06837e-17
4081.31,5.57281e-17
4082.25,5.09618e-17
4083.19,5.13962e-17
4084.13,5.44097e-17
4085.08,4.25281e-17
4086.02,4.54238e-17
4086.96,5.10065e-17
4087.90,2.81963e-17
4088.84,6.10237e-17
4089.78,5.76751e-17
4090.72,3.27671e-17
4091.67,3.56939e-17
4092.61,5.76731e-17
4093.55,6.59448e-17
4094.49,6.13199e-17
4095.43,5.69496e-17
4096.38,4.08704e-17
4097.32,4.87579e-17
4098.27,3.07003e-17
4099.21,6.51722e-17
4100.15,5.03136e-17
4101.10,4.35085e-17
4102.04,3.66595e-17
4102.99,3.55045e-17
4103.93,5.03019e-17
4104.88,3.54470e-17
4105.82,3.01747e-17
4106.77,4.18855e-17
4107.71,3.40267e-17
4108.66,4.34302e-17
4109.60,4.40684e-17
4110.55,4.47124e-17
4111.50,4.17836e-17
4112.44,4.39469e-17
4113.39,6.30222e-17
4114.34,6.98237e-17
4115.28,4.37406e-17
4116.23,4.92462e-17
4117.18,3.49786e-17
4118.13,6.72302e-17
4119.08,5.26488e-17
4120.03,5.71351e-17
4120.98,6.05712e-17
4121.92,4.37382e-17
4122.87,4.35720e-17
4123.82,4.98643e-17
4124.77,3.62254e-17
4125.72,5.31225e-17
4126.67,2.77724e-17
4127.62,4.87581e-17
4128.57,4.85418e-17
4129.52,6.56909e-17
4130.47,6.95034e-17
4131.43,7.30822e-17
4132.38,5.35521e-17
4133.33,4.86288e-17
4134.28,8.78825e-17
4135.23,7.79894e-17
4136.19,6.41120e-17
4137.14,8.17950e-17
4138.09,7.74945e-17
4139.04,9.73212e-17
4140.00,6.88785e-17
4140.95,5.16756e-17
4141.90,6.49405e-17
4142.86,7.24513e-17
4143.81,6.76321e-17
4144.77,7.48351e-17
4145.72,7.28948e-17
4146.68,3.12319e-17
4147.63,6.08597e-17
4148.58,5.67789e-17
4149.54,6.12537e-17
4150.49,7.55843e-17
4151.45,7.68796e-17
4152.41,7.17449e-17
4153.36,7.52314e-17
4154.32,7.17373e-17
4155.28,4.90166e-17
4156.23,5.24962e-17
4157.19,8.30252e-17
4158.15,5.49068e-17
4159.11,6.47799e-17
4160.06,6.65234e-17
4161.02,5.67394e-17
4161.98,6.06686e-17
4162.94,1.15847e-16
4163.90,1.15175e-16
4164.86,4.84375e-17
4165.81,7.87427e-17
4166.78,7.01972e-17
4167.73,6.79186e-17
4168.69,7.46211e-17
4169.65,8.11250e-17
4170.61,8.33251e-17
4171.57,7.77185e-17
4172.53,7.90016e-17
4173.50,6.74547e-17
4174.46,6.15950e-17
4175.42,6.99953e-17
4176.38,5.72937e-17
4177.34,8.29195e-17
4178.30,1.00897e-16
4179.27,6.29943e-17
4180.23,8.14712e-17
4181.19,8.65366e-17
4182.15,8.39357e-17
4183.12,7.10122e-17
4184.08,6.10350e-17
4185.04,7.64901e-17
4186.01,9.00525e-17
4186.97,7.53408e-17
4187.94,9.05449e-17
4188.90,9.54442e-17
4189.86,8.32396e-17
4190.83,7.90241e-17
4191.80,6.47340e-17
4192.76,6.03936e-17
4193.73,5.71049e-17
4194.69,6.32929e-17
4195.66,6.14060e-17
4196.62,5.73301e-17
4197.59,7.68995e-17
4198.56,5.75399e-17
4199.52,7.85718e-17
4200.49,5.27011e-17
4201.46,8.08206e-17
4202.43,7.65138e-17
4203.39,6.53974e-17
4204.36,6.52196e-17
4205.33,8.51002e-17
4206.30,8.86269e-17
4207.27,5.48847e-17
4208.23,4.70230e-17
4209.20,6.51587e-17
4210.17,6.15922e-17
4211.14,7.30863e-17
4212.11,8.90927e-17
4213.08,6.50288e-17
4214.05,6.16073e-17
4215.02,5.56416e-17
4215.99,4.50210e-17
4216.97,6.09381e-17
4217.94,7.69210e-17
4218.91,5.28184e-17
4219.88,5.77068e-17
4220.85,9.31810e-17
4221.82,6.07249e-17
4222.80,4.04638e-17
4223.77,6.44854e-17
4224.74,4.36622e-17
4225.71,6.50402e-17
4226.69,6.63794e-17
4227.66,5.64225e-17
4228.63,6.63380e-17
4229.61,5.23631e-17
4230.58,5.85535e-17
4231.55,7.43407e-17
4232.53,8.44829e-17
4233.50,7.41301e-17
4234.48,5.92594e-17
4235.45,6.14328e-17
4236.43,6.91539e-17
4237.41,6.46343e-17
4238.38,6.17883e-17
4239.36,6.92741e-17
4240.33,8.25811e-17
4241.31,8.91405e-17
4242.29,6.36439e-17
4243.26,6.44084e-17
4244.24,7.35926e-17
4245.22,6.41177e-17
4246.20,7.82754e-17
4247.17,5.66105e-17
4248.15,7.29130e-17
4249.13,7.38065e-17
4250.11,5.11205e-17
4251.09,4.69320e-17
4252.06,4.22028e-17
4253.05,5.13765e-17
4254.02,4.56186e-17
4255.01,6.49941e-17
4255.98,9.24866e-17
4256.97,7.05975e-17
4257.94,5.13694e-17
4258.93,5.86114e-17
4259.91,6.51707e-17
4260.89,6.64963e-17
4261.87,5.94521e-17
4262.85,5.54567e-17
4263.83,7.20319e-17
4264.81,5.70583e-17
4265.80,6.43948e-17
4266.78,5.65085e-17
4267.76,6.94761e-17
4268.74,6.60166e-17
4269.73,5.08744e-17
4270.71,4.01336e-17
4271.69,5.47312e-17
4272.68,5.75518e-17
4273.66,4.57475e-17
4274.64,6.19899e-17
4275.63,6.00416e-17
4276.61,5.60381e-17
4277.60,8.07769e-17
4278.58,3.62611e-17
4279.57,5.90079e-17
4280.55,4.17789e-17
4281.54,6.91115e-17
4282.53,7.20617e-17
4283.51,6.76572e-17
4284.50,6.21084e-17
4285.48,4.63671e-17
4286.47,6.20360e-17
4287.46,5.52877e-17
4288.45,8.63585e-17
4289.43,4.89925e-17
4290.42,4.68849e-17
4291.41,4.83877e-17
4292.40,3.70888e-17
4293.39,4.93896e-17
4294.38,3.64434e-17
4295.36,3.18587e-17
4296.35,6.44521e-17
4297.34,7.09959e-17
4298.33,5.21148e-17
4299.32,8.22754e-17
4300.31,6.32820e-17
4301.30,7.04243e-17
4302.29,7.33423e-17
4303.28,6.86799e-17
4304.27,8.13431e-17
4305.27,5.43503e-17
4306.26,6.11108e-17
4307.25,5.86108e-17
4308.24,5.04224e-17
4309.23,5.57777e-17
4310.23,2.81882e-17
4311.22,5.59886e-17
4312.21,7.36147e-17
4313.20,6.17172e-17
4314.20,4.29913e-17
4315.19,5.07338e-17
4316.18,6.56705e-17
4317.18,6.04560e-17
4318.17,4.16525e-17
4319.17,3.44100e-17
4320.16,2.81825e-17
4321.16,3.33463e-17
4322.15,5.66993e-17
4323.15,2.69780e-17
4324.14,3.73871e-17
4325.14,5.82952e-17
4326.14,5.16192e-17
4327.13,6.06140e-17
4328.13,4.23215e-17
4329.12,2.58460e-17
4330.12,3.60580e-17
4331.12,5.12105e-17
4332.11,5.27763e-17
4333.11,3.63650e-17
4334.11,3.47751e-17
4335.11,6.58138e-17
4336.11,2.94684e-17
4337.11,4.83902e-17
4338.10,3.93025e-17
4339.10,3.13792e-17
4340.10,4.05738e-17
4341.10,4.10088e-17
4342.10,3.89190e-17
4343.10,4.65375e-17
4344.10,4.04568e-17
4345.10,2.60248e-17
4346.10,3.16681e-17
4347.10,3.68616e-17
4348.10,3.59921e-17
4349.11,4.02628e-17
4350.11,4.01737e-17
4351.11,2.83368e-17
4352.11,3.58679e-17
4353.11,3.81649e-17
4354.12,3.32809e-17
4355.12,3.99411e-17
4356.12,5.38901e-17
4357.12,4.80712e-17
4358.13,2.93450e-17
4359.13,3.53297e-17
4360.14,5.69971e-17
4361.14,4.52674e-17
4362.14,1.60248e-17
4363.15,5.63767e-17
4364.15,4.30340e-17
4365.16,3.51286e-17
4366.16,4.49792e-17
4367.17,4.97708e-17
4368.18,4.72782e-17
4369.18,5.91762e-17
4370.19,6.52582e-17
4371.19,5.61681e-17
4372.20,6.63646e-17
4373.21,4.43575e-17
4374.21,7.30471e-17
4375.22,6.38921e-17
4376.23,3.32697e-17
4377.24,5.60551e-17
4378.24,7.01983e-17
4379.25,6.03770e-17
4380.26,5.16397e-17
4381.27,4.51839e-17
4382.28,5.06443e-17
4383.29,6.23384e-17
4384.30,4.92821e-17
4385.31,4.66894e-17
4386.32,6.58332e-17
4387.33,5.15953e-17
4388.34,5.94906e-17
4389.35,5.14863e-17
4390.36,4.34714e-17
4391.37,6.09025e-17
4392.38,5.32537e-17
4393.39,6.43848e-17
4394.40,7.02232e-17
4395.41,5.56294e-17
4396.43,5.48654e-17
4397.44,3.96077e-17
4398.45,4.41893e-17
4399.47,5.68504e-17
4400.48,3.71462e-17
4401.49,5.79179e-17
4402.51,5.06736e-17
4403.52,4.93819e-17
4404.53,3.56775e-17
4405.55,5.36649e-17
4406.56,5.44972e-17
4407.58,5.17765e-17
4408.59,6.13149e-17
4409.61,6.39629e-17
4410.62,6.75571e-17
4411.64,5.35878e-17
4412.66,5.51266e-17
4413.67,6.22423e-17
4414.69,3.64029e-17
4415.70,5.52738e-17
4416.72,5.14527e-17
4417.74,4.22426e-17
4418.76,4.98650e-17
4419.77,4.48529e-17
4420.79,4.07729e-17
4421.81,6.46283e-17
4422.83,7.53309e-17
4423.85,6.20928e-17
4424.86,8.15765e-17
4425.88,5.46058e-17
4426.90,4.71270e-17
4427.92,5.71952e-17
4428.94,7.13089e-17
4429.96,6.57833e-17
4430.98,5.84996e-17
4432.00,4.67768e-17
4433.02,4.54580e-17
4434.04,5.22418e-17
4435.06,5.17857e-17
4436.09,5.45308e-17
4437.11,6.44358e-17
4438.13,6.00864e-17
4439.15,5.84570e-17
4440.17,5.89302e-17
4441.20,5.51771e-17
4442.22,6.88017e-17
4443.24,7.53210e-17
4444.27,8.20664e-17
4445.29,4.99385e-17
4446.31,5.48233e-17
4447.34,7.00340e-17
4448.36,6.52920e-17
4449.38,6.85755e-17
4450.41,7.57609e-17
4451.43,5.78816e-17
4452.46,4.62733e-17
4453.48,7.67090e-17
4454.51,4.37654e-17
4455.54,4.71153e-17
4456.56,5.09473e-17
4457.59,4.48307e-17
4458.61,6.34546e-17
4459.64,6.08581e-17
4460.67,8.21649e-17
4461.70,7.16324e-17
4462.72,4.78281e-17
4463.75,5.51882e-17
4464.78,5.77721e-17
4465.81,4.86863e-17
4466.84,3.78160e-17
4467.86,5.39152e-17
4468.89,6.94087e-17
4469.92,6.68338e-17
4470.95,5.77704e-17
4471.98,5.83545e-17
4473.01,4.47563e-17
4474.04,5.16743e-17
4475.07,5.36616e-17
4476.10,4.54579e-17
4477.13,4.85951e-17
4478.16,5.75619e-17
4479.20,5.99843e-17
4480.23,5.67927e-17
4481.26,4.57928e-17
4482.29,5.26764e-17
4483.32,5.36911e-17
4484.36,4.80209e-17
4485.39,4.43108e-17
4486.42,5.60091e-17
4487.45,7.35961e-17
4488.49,5.60025e-17
4489.52,4.17538e-17
4490.55,5.00433e-17
4491.59,5.31703e-17
4492.62,5.77215e-17
4493.66,6.38070e-17
4494.69,5.06231e-17
4495.73,6.22972e-17
4496.76,6.68567e-17
4497.80,5.55684e-17
4498.83,5.80186e-17
4499.87,5.30413e-17
4500.91,4.34976e-17
4501.94,3.07514e-17
4502.98,4.26935e-17
4504.02,5.95894e-17
4505.06,5.79537e-17
4506.09,5.60826e-17
4507.13,6.23355e-17
4508.17,5.96328e-17
4509.20,5.73873e-17
4510.24,6.14685e-17
4511.28,4.15832e-17
4512.32,6.06474e-17
4513.36,4.43998e-17
4514.40,5.95494e-17
4515.44,5.58423e-17
4516.48,6.45489e-17
4517.52,4.81367e-17
4518.56,4.59689e-17
4519.60,5.26554e-17
4520.64,6.47927e-17
4521.68,6.45409e-17
4522.72,5.76394e-17
4523.76,5.52413e-17
4524.81,4.65724e-17
4525.85,6.44238e-17
4526.89,6.17926e-17
4527.93,3.74550e-17
4528.97,4.45704e-17
4530.02,7.76466e-17
4531.06,5.97797e-17
4532.11,4.14943e-17
4533.15,5.55868e-17
4534.19,5.88463e-17
4535.24,4.97416e-17
4536.28,4.06754e-17
4537.33,5.15102e-17
4538.37,6.66032e-17
4539.42,5.60888e-17
4540.46,4.59358e-17
4541.51,5.65355e-17
4542.55,6.29975e-17
4543.60,5.89392e-17
4544.65,4.40045e-17
4545.69,3.98806e-17
4546.74,5.17793e-17
4547.78,6.73140e-17
4548.83,5.25828e-17
4549.88,4.85043e-17
4550.93,4.26489e-17
4551.98,4.71178e-17
4553.02,6.11383e-17
4554.07,6.39197e-17
4555.12,5.77670e-17
4556.17,5.81021e-17
4557.22,6.05766e-17
4558.27,4.08552e-17
4559.32,5.38309e-17
4560.37,5.62748e-17
4561.42,5.99141e-17
4562.47,6.45150e-17
4563.52,5.64493e-17
4564.57,4.99631e-17
4565.62,5.64514e-17
4566.67,4.17474e-17
4567.72,3.75046e-17
4568.78,5.42250e-17
4569.83,4.65167e-17
4570.88,3.82705e-17
4571.93,5.84238e-17
4572.99,5.36694e-17
4574.04,6.60015e-17
4575.09,3.70476e-17
4576.15,6.69033e-17
4577.20,6.46626e-17
4578.26,2.73072e-17
4579.31,5.66401e-17
4580.36,6.44877e-17
4581.42,5.68464e-17
4582.47,6.37989e-17
4583.53,6.15855e-17
4584.58,5.37348e-17
4585.64,4.68944e-17
4586.70,3.61806e-17
4587.75,3.75166e-17
4588.81,5.90935e-17
4589.86,6.01880e-17
4590.92,3.63149e-17
4591.98,5.58179e-17
4593.04,6.07471e-17
4594.10,5.79130e-17
4595.15,5.17982e-17
4596.21,3.30380e-17
4597.27,4.53151e-17
4598.33,3.29406e-17
4599.39,4.26467e-17
4600.45,3.96611e-17
4601.51,4.05970e-17
4602.57,4.55679e-17
4603.63,4.98875e-17
4604.68,5.73626e-17
4605.75,5.00737e-17
4606.81,4.08628e-17
4607.87,5.57445e-17
4608.93,6.30358e-17
4609.99,4.97017e-17
4611.05,5.21103e-17
4612.11,7.34124e-17
4613.18,5.42401e-17
4614.24,4.33361e-17
4615.30,6.03807e-17
4616.36,4.93914e-17
4617.43,5.61344e-17
4618.49,4.46957e-17
4619.55,5.04585e-17
4620.62,4.74920e-17
4621.68,5.04802e-17
4622.75,6.16473e-17
4623.81,4.28400e-17
4624.88,5.08810e-17
4625.94,6.10100e-17
4627.00,5.87193e-17
4628.07,5.29529e-17
4629.14,6.11915e-17
4630.20,6.37560e-17
4631.27,3.70725e-17
4632.34,6.44468e-17
4633.40,4.21974e-17
4634.47,4.92958e-17
4635.54,6.70809e-17
4636.60,4.44635e-17
4637.67,4.17107e-17
4638.74,5.34282e-17
4639.81,5.98392e-17
4640.88,5.77837e-17
4641.94,4.15599e-17
4643.01,5.04493e-17
4644.08,6.40829e-17
4645.15,6.23746e-17
4646.22,6.25873e-17
4647.29,5.27360e-17
4648.36,5.02602e-17
4649.43,6.47490e-17
4650.50,3.73290e-17
4651.57,5.92895e-17
4652.65,4.94402e-17
4653.72,3.32519e-17
4654.79,6.13014e-17
4655.86,5.32783e-17
4656.93,3.63839e-17
4658.01,5.25665e-17
4659.08,5.23542e-17
4660.15,3.97751e-17
4661.22,5.60064e-17
4662.30,7.24571e-17
4663.37,4.75373e-17
4664.45,4.54503e-17
4665.52,6.59105e-17
4666.59,3.50886e-17
4667.67,5.27263e-17
4668.74,6.07112e-17
4669.82,5.85962e-17
4670.89,5.41497e-17
4671.97,5.15362e-17
4673.05,4.49738e-17
4674.12,4.43937e-17
4675.20,3.73195e-17
4676.27,5.95580e-17
4677.35,5.71837e-17
4678.43,3.54729e-17
4679.51,4.67257e-17
4680.58,4.11476e-17
4681.66,5.31254e-17
4682.74,3.57122e-17
4683.82,3.21485e-17
4684.90,4.44789e-17
4685.98,4.30057e-17
4687.06,6.44763e-17
4688.13,5.84717e-17
4689.21,5.66249e-17
4690.29,4.79906e-17
4691.37,3.51266e-17
4692.45,4.39177e-17
4693.53,4.02915e-17
4694.62,5.59431e-17
4695.70,5.92450e-17
4696.78,4.75227e-17
4697.86,4.68740e-17
4698.94,4.75453e-17
4700.02,4.61970e-17
4701.10,4.87387e-17
4702.19,5.09743e-17
4703.27,3.92961e-17
4704.35,5.13938e-17
4705.44,3.80437e-17
4706.52,4.87874e-17
4707.61,3.21469e-17
4708.69,5.54455e-17
4709.77,4.43458e-17
4710.86,2.95107e-17
4711.94,5.48635e-17
4713.03,3.53880e-17
4714.11,4.78403e-17
4715.20,4.70579e-17
4716.28,2.44540e-17
4717.37,3.04525e-17
4718.46,3.60041e-17
4719.54,3.97305e-17
4720.63,5.38701e-17
4721.72,3.86979e-17
4722.81,2.49895e-17
4723.89,2.56394e-17
4724.98,4.25960e-17
4726.07,4.55390e-17
4727.16,4.33280e-17
4728.25,4.42370e-17
4729.33,4.78767e-17
4730.42,4.11390e-17
4731.51,4.83879e-17
4732.60,5.00552e-17
4733.69,4.40681e-17
4734.78,5.87278e-17
4735.87,4.95172e-17
4736.96,3.43044e-17
4738.05,4.26327e-17
4739.14,4.30552e-17
4740.24,3.92035e-17
4741.33,4.88207e-17
4742.42,4.59853e-17
4743.51,4.10873e-17
4744.60,5.27129e-17
4745.70,5.23505e-17
4746.79,6.06414e-17
4747.88,3.17367e-17
4748.98,4.95354e-17
4750.07,5.13626e-17
4751.16,5.20335e-17
4752.26,3.93000e-17
4753.35,5.26282e-17
4754.45,4.22351e-17
4755.54,5.37441e-17
4756.64,4.00727e-17
4757.73,3.73536e-17
4758.83,4.60911e-17
4759.92,5.43231e-17
4761.02,4.49861e-17
4762.12,3.06867e-17
4763.21,3.78059e-17
4764.31,4.26226e-17
4765.41,3.57182e-17
4766.50,4.82512e-17
4767.60,5.58836e-17
4768.70,4.29043e-17
4769.80,4.99674e-17
4770.90,4.39706e-17
4771.99,5.85160e-17
4773.10,5.15045e-17
4774.19,3.26842e-17
4775.29,3.96883e-17
4776.39,4.65281e-17
4777.49,4.79823e-17
4778.59,3.65784e-17
4779.69,3.90667e-17
4780.80,4.25317e-17
4781.89,5.32072e-17
4782.99,4.65852e-17
4784.10,4.65638e-17
4785.20,4.62573e-17
4786.30,3.92142e-17
4787.40,4.41207e-17
4788.51,3.33690e-17
4789.61,3.19862e-17
4790.71,4.96434e-17
4791.81,2.71858e-17
4792.92,4.76690e-17
4794.02,4.73487e-17
4795.13,3.77773e-17
4796.23,4.22559e-17
4797.33,4.26726e-17
4798.44,4.32279e-17
4799.54,3.48962e-17
4800.65,4.35932e-17
4801.76,3.87510e-17
4802.86,5.84854e-17
4803.97,5.12196e-17
4805.07,4.29240e-17
4806.18,4.29665e-17
4807.29,4.64875e-17
4808.39,3.31117e-17
4809.50,3.65015e-17
4810.61,3.09417e-17
4811.72,4.50814e-17
4812.82,5.49097e-17
4813.93,4.18516e-17
4815.04,4.62389e-17
4816.15,5.07817e-17
4817.26,4.65708e-17
4818.37,3.12719e-17
4819.48,2.56916e-17
4820.59,3.35586e-17
4821.70,3.09538e-17
4822.81,4.69287e-17
4823.92,4.20851e-17
4825.03,3.64054e-17
4826.14,3.89122e-17
4827.25,3.09452e-17
4828.36,3.49743e-17
4829.48,3.40983e-17
4830.59,4.36015e-17
4831.70,3.99448e-17
4832.81,4.10037e-17
4833.93,2.81906e-17
4835.04,2.90796e-17
4836.15,5.26444e-17
4837.27,3.92569e-17
4838.38,3.67996e-17
4839.49,3.66894e-17
4840.61,2.97024e-17
4841.72,2.74461e-17
4842.84,2.06999e-17
4843.95,3.52742e-17
4845.07,3.03048e-17
4846.19,1.70042e-17
4847.30,3.84412e-17
4848.42,2.93066e-17
4849.53,2.29436e-17
4850.65,3.59306e-17
4851.77,2.71461e-17
4852.89,1.84833e-17
4854.00,2.40605e-17
4855.12,1.66499e-17
4856.24,3.05282e-17
4857.36,1.48183e-17
4858.48,2.24123e-17
4859.59,2.69839e-17
4860.71,1.44255e-17
4861.83,2.33880e-17
4862.95,1.35656e-17
4864.07,1.61309e-17
4865.19,2.00099e-17
4866.31,2.94787e-17
4867.43,3.01591e-17
4868.56,2.51566e-17
4869.68,3.57864e-17
4870.80,3.44042e-17
4871.92,1.84820e-17
4873.04,2.72514e-17
4874.16,3.01888e-17
4875.28,2.04996e-17
4876.41,3.37624e-17
4877.53,2.53039e-17
4878.65,1.92654e-17
4879.78,3.25262e-17
4880.90,4.24431e-17
4882.03,2.23199e-17
4883.15,5.52884e-17
4884.27,2.88224e-17
4885.40,3.13566e-17
4886.52,3.26021e-17
4887.65,2.64013e-17
4888.77,4.24285e-17
4889.90,3.00125e-17
4891.03,3.45366e-17
4892.15,2.16972e-17
4893.28,1.87701e-17
4894.40,2.75318e-17
4895.53,3.47165e-17
4896.66,3.54152e-17
4897.79,3.19276e-17
4898.92,2.08721e-17
4900.05,3.36844e-17
4901.17,2.77650e-17
4902.30,2.18872e-17
4903.43,3.27864e-17
4904.56,2.99413e-17
4905.69,3.32727e-17
4906.82,2.86839e-17
4907.95,2.71070e-17
4909.08,3.50906e-17
4910.21,2.20068e-17
4911.34,2.33728e-17
4912.47,5.02734e-17
4913.60,4.26646e-17
4914.73,2.81331e-17
4915.87,2.51285e-17
4917.00,4.15484e-17
4918.13,3.25087e-17
4919.26,4.49443e-17
4920.39,5.04870e-17
4921.53,3.81751e-17
4922.66,4.96836e-17
4923.80,4.29135e-17
4924.93,3.27994e-17
4926.06,5.13028e-17
4927.20,3.52866e-17
4928.33,3.17603e-17
4929.47,3.31783e-17
4930.60,4.99842e-17
4931.74,3.31575e-17
4932.87,3.39419e-17
4934.01,3.19392e-17
4935.15,3.65495e-17
4936.28,4.15830e-17
4937.42,4.02477e-17
4938.56,4.32153e-17
4939.69,3.64021e-17
4940.83,3.81711e-17
4941.97,3.97931e-17
4943.11,2.99799e-17
4944.24,4.55292e-17
4945.38,4.00407e-17
4946.52,2.73513e-17
4947.66,4.18046e-17
4948.80,5.17642e-17
4949.94,4.26658e-17
4951.08,3.10776e-17
4952.22,3.76506e-17
4953.36,4.37382e-17
4954.50,4.15854e-17
4955.64,3.18825e-17
4956.78,2.30938e-17
4957.93,4.27951e-17
4959.07,3.39717e-17
4960.21,4.00252e-17
4961.35,3.14381e-17
4962.49,3.88477e-17
4963.64,5.20944e-17
4964.78,4.80998e-17
4965.92,1.95323e-17
4967.07,3.19002e-17
4968.21,3.36130e-17
4969.35,4.75247e-17
4970.50,4.66109e-17
4971.64,3.03197e-17
4972.79,2.68179e-17
4973.94,3.35388e-17
4975.08,3.98809e-17
4976.22,4.06892e-17
4977.37,3.78552e-17
4978.52,4.21449e-17
4979.66,2.35533e-17
4980.81,1.81912e-17
4981.96,3.98198e-17
4983.10,4.22906e-17
4984.25,4.20715e-17
4985.40,4.44448e-17
4986.55,3.83677e-17
4987.70,3.68500e-17
4988.84,4.29641e-17
4989.99,5.33384e-17
4991.14,3.23955e-17
4992.29,4.27006e-17
4993.44,3.51896e-17
4994.59,3.23949e-17
4995.74,3.93662e-17
4996.89,4.32778e-17
4998.04,4.26724e-17
4999.19,3.17941e-17
5000.34,4.57210e-17
5001.50,4.68296e-17
5002.65,4.11138e-17
5003.80,3.93247e-17
5004.95,3.23228e-17
5006.11,4.27435e-17
5007.26,3.21989e-17
5008.41,2.90298e-17
5009.56,4.15395e-17
5010.72,3.47604e-17
5011.87,4.91831e-17
5013.03,1.70192e-17
5014.18,3.32524e-17
5015.34,3.28921e-17
5016.49,2.94938e-17
5017.65,3.23310e-17
5018.80,3.43827e-17
5019.96,2.93725e-17
5021.11,4.41140e-17
5022.27,3.33322e-17
5023.43,4.18815e-17
5024.58,4.69826e-17
5025.74,4.26892e-17
5026.90,3.07312e-17
5028.06,3.41078e-17
5029.21,3.62050e-17
5030.37,4.03749e-17
5031.53,4.36424e-17
5032.69,3.04128e-17
5033.85,2.96188e-17
5035.01,3.90360e-17
5036.17,3.72982e-17
5037.32,3.31287e-17
5038.49,4.24751e-17
5039.65,3.34808e-17
5040.81,2.59284e-17
5041.97,3.72866e-17
5043.13,3.77027e-17
5044.29,4.44770e-17
5045.45,3.24736e-17
5046.61,4.36955e-17
5047.77,3.63830e-17
5048.94,3.11703e-17
5050.10,2.30531e-17
5051.26,2.19497e-17
5052.43,2.48477e-17
5053.59,3.72160e-17
5054.75,4.10876e-17
5055.92,2.37671e-17
5057.08,3.65139e-17
5058.25,3.48351e-17
5059.41,4.03227e-17
5060.58,3.99586e-17
5061.74,5.26072e-17
5062.91,3.89009e-17
5064.07,3.81048e-17
5065.24,3.97515e-17
5066.41,2.85049e-17
5067.57,3.12935e-17
5068.74,3.39817e-17
5069.91,3.61187e-17
5071.07,3.59391e-17
5072.24,4.13499e-17
5073.41,3.77459e-17
5074.58,3.00901e-17
5075.75,2.23827e-17
5076.92,3.83086e-17
5078.08,3.29483e-17
5079.26,4.62410e-17
5080.42,3.72876e-17
5081.60,3.45796e-17
5082.76,4.49616e-17
5083.93,3.23865e-17
5085.11,3.37699e-17
5086.28,3.33141e-17
5087.45,2.95278e-17
5088.62,3.54665e-17
5089.79,3.08604e-17
5090.96,3.22772e-17
5092.14,4.43407e-17
5093.31,4.70086e-17
5094.48,5.04561e-17
5095.66,4.05725e-17
5096.83,2.73700e-17
5098.00,3.40801e-17
5099.18,3.59554e-17
5100.35,3.49930e-17
5101.52,3.60379e-17
5102.70,3.10902e-17
5103.88,4.15929e-17
5105.05,3.55024e-17
5106.23,3.40321e-17
5107.40,4.22312e-17
5108.58,3.75379e-17
5109.75,3.52822e-17
5110.93,2.78991e-17
5112.11,3.69691e-17
5113.28,3.36222e-17
5114.46,1.71405e-17
5115.64,3.49119e-17
5116.82,4.29435e-17
5118.00,3.69971e-17
5119.17,4.24434e-17
5120.35,3.96992e-17
5121.53,3.46884e-17
5122.71,3.58125e-17
5123.89,3.05550e-17
5125.07,3.56990e-17
5126.25,3.82785e-17
5127.43,3.15377e-17
5128.61,2.69048e-17
5129.79,3.62229e-17
5130.98,4.17484e-17
5132.16,3.03482e-17
5133.34,3.24535e-17
5134.52,2.57775e-17
5135.70,2.64142e-17
5136.89,2.42416e-17
5138.07,3.07023e-17
5139.25,3.56921e-17
5140.44,2.71046e-17
5141.62,5.38941e-17
5142.80,2.89551e-17
5143.99,3.50557e-17
5145.17,3.82278e-17
5146.36,3.65167e-17
5147.54,5.10802e-17
5148.73,2.78699e-17
5149.92,3.46139e-17
5151.10,2.82594e-17
5152.28,3.16113e-17
5153.47,4.83996e-17
5154.66,3.48026e-17
5155.85,3.93621e-17
5157.03,3.27416e-17
5158.22,3.61254e-17
5159.41,3.93687e-17
5160.60,3.99447e-17
5161.79,4.45090e-17
5162.97,4.63180e-17
5164.16,3.29070e-17
5165.35,3.48157e-17
5166.54,3.43127e-17
5167.73,2.82894e-17
5168.92,3.47752e-17
5170.11,3.69942e-17
5171.30,2.71528e-17
5172.49,2.85926e-17
5173.68,3.46824e-17
5174.88,3.13921e-17
5176.07,3.37509e-17
5177.26,5.03681e-17
5178.45,3.90365e-17
5179.64,3.34544e-17
5180.84,3.72225e-17
5182.03,3.32955e-17
5183.23,4.10939e-17
5184.42,2.92479e-17
5185.61,3.70256e-17
5186.81,4.10264e-17
5188.00,3.65895e-17
5189.20,4.18878e-17
5190.39,3.21500e-17
5191.59,3.88049e-17
5192.78,2.12150e-17
5193.98,3.89154e-17
5195.17,2.88816e-17
5196.37,4.83735e-17
5197.57,3.98698e-17
5198.76,2.46975e-17
5199.96,3.85374e-17
5201.16,2.49953e-17
5202.36,4.67359e-17
5203.55,2.11536e-17
5204.75,4.17230e-17
5205.95,3.68532e-17
5207.15,3.82505e-17
5208.35,2.69256e-17
5209.55,2.03775e-17
5210.75,1.97172e-17
5211.95,2.78617e-17
5213.15,3.56374e-17
5214.35,4.11444e-17
5215.55,3.34460e-17
5216.75,2.95069e-17
5217.95,3.58007e-17
5219.15,3.89273e-17
5220.35,3.50387e-17
5221.56,3.19973e-17
5222.76,4.00372e-17
5223.96,2.86440e-17
5225.17,3.63895e-17
5226.37,3.26532e-17
5227.57,4.08947e-17
5228.78,2.58826e-17
5229.98,3.60378e-17
5231.18,4.06101e-17
5232.39,3.91358e-17
5233.59,3.06447e-17
5234.80,3.57300e-17
5236.01,3.24562e-17
5237.21,3.33062e-17
5238.41,3.52461e-17
5239.62,4.55508e-17
5240.83,2.26966e-17
5242.04,2.71176e-17
5243.24,2.49543e-17
5244.45,4.05330e-17
5245.66,3.69977e-17
5246.86,3.53418e-17
5248.07,2.61303e-17
5249.28,3.59248e-17
5250.49,3.68584e-17
5251.70,3.43150e-17
5252.91,2.76561e-17
5254.12,3.64915e-17
5255.33,3.42037e-17
5256.54,4.66901e-17
5257.75,2.24591e-17
5258.96,3.63537e-17
5260.17,4.05059e-17
5261.39,3.14570e-17
5262.60,4.31915e-17
5263.81,2.12581e-17
5265.02,3.54507e-17
5266.23,2.56780e-17
5267.45,3.35972e-17
5268.66,3.82634e-17
5269.87,2.46447e-17
5271.08,3.64033e-17
5272.30,3.43882e-17
5273.51,3.24331e-17
5274.73,3.15137e-17
5275.94,2.93180e-17
5277.16,2.29881e-17
5278.37,3.38126e-17
5279.59,3.89690e-17
5280.80,3.10903e-17
5282.02,3.56443e-17
5283.23,3.12840e-17
5284.45,3.69955e-17
5285.67,3.82421e-17
5286.89,3.44958e-17
5288.10,3.01123e-17
5289.32,3.50186e-17
5290.54,3.63414e-17
5291.76,4.05713e-17
5292.98,2.99172e-17
5294.20,3.15367e-17
5295.42,2.61915e-17
5296.63,3.64086e-17
5297.86,3.92610e-17
5299.07,3.10760e-17
5300.29,2.87622e-17
5301.52,2.06379e-17
5302.74,2.36870e-17
5303.96,4.13294e-17
5305.18,4.07818e-17
5306.40,2.87324e-17
5307.62,2.56914e-17
5308.84,3.38543e-17
5310.07,3.22611e-17
5311.29,3.31350e-17
5312.51,3.33529e-17
5313.74,3.48010e-17
5314.96,3.76447e-17
5316.18,2.58491e-17
5317.41,3.37561e-17
5318.63,3.65554e-17
5319.86,3.50924e-17
5321.08,4.04801e-17
5322.31,3.12068e-17
5323.53,4.79467e-17
5324.76,3.22032e-17
5325.98,2.47643e-17
5327.21,2.97452e-17
5328.44,3.54224e-17
5329.67,3.36580e-17
5330.89,3.42293e-17
5332.12,3.15071e-17
5333.35,2.62429e-17
5334.58,2.51914e-17
5335.81,3.55947e-17
5337.03,3.09641e-17
5338.26,4.34331e-17
5339.49,3.68621e-17
5340.72,2.28071e-17
5341.95,3.98775e-17
5343.18,3.55943e-17
5344.41,1.81871e-17
5345.64,2.54808e-17
5346.88,4.69157e-17
5348.11,2.93251e-17
5349.34,2.51607e-17
5350.57,3.15841e-17
5351.80,3.07868e-17
5353.03,2.52981e-17
5354.27,3.18942e-17
5355.50,4.36361e-17
5356.73,2.53410e-17
5357.97,4.03768e-17
5359.20,2.71529e-17
5360.43,2.54668e-17
5361.67,4.03577e-17
5362.90,4.02043e-17
5364.14,2.39605e-17
5365.37,2.97978e-17
5366.61,3.75283e-17
5367.85,3.40532e-17
5369.08,2.54428e-17
5370.32,3.52284e-17
5371.55,3.44423e-17
5372.79,4.20298e-17
5374.03,3.85800e-17
5375.27,3.28041e-17
5376.50,3.12028e-17
5377.74,3.38704e-17
5378.98,2.61770e-17
5380.22,2.89693e-17
5381.46,3.21810e-17
5382.70,2.17450e-17
5383.94,2.56181e-17
5385.18,3.42617e-17
5386.42,3.03693e-17
5387.66,2.94090e-17
5388.90,2.78017e-17
5390.14,3.03945e-17
5391.38,3.39931e-17
5392.62,3.83779e-17
5393.86,2.50108e-17
5395.11,3.28968e-17
5396.35,3.22300e-17
5397.59,3.42727e-17
5398.84,2.44687e-17
5400.08,3.38546e-17
5401.32,2.47020e-17
5402.56,2.18158e-17
5403.81,3.08599e-17
5405.05,1.88114e-17
5406.30,2.44130e-17
5407.54,2.33136e-17
5408.79,3.06892e-17
5410.03,1.91643e-17
5411.28,4.19394e-17
5412.53,3.21847e-17
5413.77,3.80566e-17
5415.02,3.27175e-17
5416.27,3.84180e-17
5417.51,2.91607e-17
5418.76,3.04265e-17
5420.01,2.80249e-17
5421.26,2.92398e-17
5422.51,2.58270e-17
5423.75,5.10072e-17
5425.00,1.84743e-17
5426.25,3.63798e-17
5427.50,3.74584e-17
5428.75,3.16357e-17
5430.00,3.58917e-17
5431.25,2.49520e-17
5432.50,1.26007e-17
5433.76,3.02294e-17
5435.01,3.26296e-17
5436.26,3.11196e-17
5437.51,3.10926e-17
5438.76,2.19720e-17
5440.01,2.98306e-17
5441.27,2.77769e-17
5442.52,1.87307e-17
5443.77,3.55877e-17
5445.03,3.66665e-17
5446.28,3.34277e-17
5447.54,3.88920e-17
5448.79,2.61237e-17
5450.04,2.70474e-17
5451.30,4.10214e-17
5452.55,3.77394e-17
5453.81,3.44054e-17
5455.07,4.41992e-17
5456.32,3.52694e-17
5457.58,2.69135e-17
5458.83,3.66495e-17
5460.09,1.78855e-17
5461.35,2.09708e-17
5462.61,1.53253e-17
5463.86,3.08086e-17
5465.12,2.26410e-17
5466.38,4.98786e-17
5467.64,3.58316e-17
5468.90,3.41297e-17
5470.16,2.62062e-17
5471.42,3.40642e-17
5472.68,2.80795e-17
5473.94,2.86107e-17
5475.20,2.60481e-17
5476.46,2.70433e-17
5477.72,2.18275e-17
5478.98,3.14247e-17
5480.25,3.41198e-17
5481.51,2.59162e-17
5482.77,2.58896e-17
5484.03,2.45704e-17
5485.30,2.19739e-17
5486.56,2.98296e-17
5487.82,3.45228e-17
5489.09,2.95657e-17
5490.35,3.62933e-17
5491.61,3.20209e-17
5492.88,2.19483e-17
5494.15,1.78551e-17
5495.41,2.83921e-17
5496.67,3.66850e-17
5497.94,4.01447e-17
5499.21,2.74369e-17
5500.47,1.87945e-17
5501.74,3.33185e-17
5503.01,3.12019e-17
5504.27,2.88732e-17
5505.54,2.89303e-17
5506.81,3.52852e-17
5508.08,2.97923e-17
5509.35,3.15716e-17
5510.61,3.93201e-17
5511.88,2.07857e-17
5513.15,2.87048e-17
5514.42,2.68849e-17
5515.69,2.99492e-17
5516.96,3.06031e-17
5518.23,2.73194e-17
5519.50,3.06068e-17
5520.78,2.65805e-17
5522.05,2.64426e-17
5523.32,3.14191e-17
5524.59,1.50626e-17
5525.86,1.86678e-17
5527.14,3.00121e-17
5528.41,3.05197e-17
5529.68,2.89778e-17
5530.95,2.49728e-17
5532.23,1.90571e-17
5533.50,2.38504e-17
5534.77,4.20619e-17
5536.05,3.16414e-17
5537.32,3.30078e-17
5538.60,3.06328e-17
5539.88,2.40731e-17
5541.15,2.91898e-17
5542.43,3.21905e-17
5543.70,4.61587e-17
5544.98,1.73127e-17
5546.26,1.75283e-17
5547.54,2.58005e-17
5548.81,3.10662e-17
5550.09,2.01419e-17
5551.37,2.32545e-17
5552.65,2.96344e-17
5553.93,2.26613e-17
5555.20,3.27732e-17
5556.48,4.04041e-17
5557.76,2.05664e-17
5559.04,3.03057e-17
5560.32,2.83003e-17
5561.60,3.35040e-17
5562.89,2.63125e-17
5564.16,2.75438e-17
5565.45,2.71188e-17
5566.73,2.55644e-17
5568.01,3.57174e-17
5569.29,3.02264e-17
5570.57,2.80902e-17
5571.86,3.75544e-17
5573.14,2.24927e-17
5574.43,3.29467e-17
5575.71,3.19230e-17
5576.99,4.93660e-17
5578.28,6.40188e-18
5579.56,1.20086e-18
5580.85,4.20421e-17
5582.13,2.60765e-17
5583.42,2.86069e-17
5584.70,2.37338e-17
5585.99,2.73317e-17
5587.27,4.13461e-17
5588.56,1.73217e-17
5589.85,2.71426e-17
5591.14,2.54554e-17
5592.42,2.34041e-17
5593.71,3.25500e-17
5595.00,2.85844e-17
5596.29,1.86679e-17
5597.57,2.87125e-17
5598.87,3.17268e-17
5600.15,1.83929e-17
5601.44,3.05445e-17
5602.73,2.38313e-17
5604.03,3.02383e-17
5605.31,1.72010e-17
5606.60,2.53737e-17
5607.90,3.32814e-17
5609.19,2.56677e-17
5610.48,2.00956e-17
5611.77,1.46527e-17
5613.07,2.68465e-17
5614.36,3.04155e-17
5615.65,3.72074e-17
5616.94,1.92970e-17
5618.24,3.37887e-17
5619.53,2.74523e-17
5620.82,2.78603e-17
5622.12,3.36030e-17
5623.41,3.60853e-17
5624.71,3.57481e-17
5626.00,3.43973e-17
5627.30,3.30545e-17
5628.60,2.15618e-17
5629.89,3.15673e-17
5631.19,2.60451e-17
5632.48,2.13971e-17
5633.78,1.74137e-17
5635.08,2.33749e-17
5636.38,1.82328e-17
5637.68,3.43352e-17
5638.97,2.38188e-17
5640.27,2.89656e-17
5641.57,3.59859e-17
5642.87,2.81851e-17
5644.17,2.17876e-17
5645.47,2.87256e-17
5646.77,2.21994e-17
5648.07,2.59610e-17
5649.37,2.48948e-17
5650.67,3.68907e-17
5651.97,2.01051e-17
5653.27,2.52392e-17
5654.57,1.59262e-17
5655.88,2.78010e-17
5657.18,2.21823e-17
5658.48,3.27157e-17
5659.79,2.41539e-17
5661.09,2.09349e-17
5662.39,1.69358e-17
5663.70,1.42859e-17
5665.00,2.52757e-17
5666.31,9.66915e-18
5667.61,2.93924e-17
5668.92,2.35971e-17
5670.22,2.57852e-17
5671.53,1.92457e-17
5672.83,2.87969e-17
5674.14,2.03786e-17
5675.45,2.33306e-17
5676.75,2.88983e-17
5678.06,2.27007e-17
5679.37,3.77000e-17
5680.68,3.11727e-17
5681.98,3.11943e-17
5683.29,2.70476e-17
5684.60,2.50858e-17
5685.91,2.14760e-17
5687.22,3.82281e-17
5688.53,2.46193e-17
5689.84,3.99527e-17
5691.15,3.26656e-17
5692.46,4.97087e-18
5693.77,2.86902e-17
5695.08,4.11251e-17
5696.39,1.72161e-17
5697.71,1.12240e-17
5699.02,2.78418e-17
5700.33,2.62428e-17
5701.64,2.38291e-17
5702.95,2.95629e-17
5704.27,2.62685e-17
5705.58,6.07415e-18
5706.90,2.41309e-17
5708.21,2.76256e-17
5709.52,1.59150e-17
5710.84,2.80799e-17
5712.15,2.60750e-17
5713.47,3.66066e-17
5714.79,2.51134e-17
5716.10,1.01756e-17
5717.42,4.00222e-17
5718.73,1.39103e-17
5720.05,8.07041e-18
5721.37,1.68802e-17
5722.69,2.30074e-17
5724.00,1.75850e-17
5725.32,1.59600e-17
5726.64,1.79216e-17
5727.96,2.67656e-17
5729.28,1.30702e-17
5730.60,1.57755e-17
5731.92,2.39397e-17
5733.24,4.44114e-17
5734.56,1.87695e-17
5735.88,2.38310e-17
5737.20,2.48117e-17
5738.52,2.90893e-17
5739.84,2.94857e-17
5741.17,1.75387e-17
5742.49,9.79959e-18
5743.81,1.16552e-17
5745.13,1.49758e-17
5746.45,2.40546e-17
5747.78,2.08535e-17
5749.10,1.44135e-17
5750.43,1.39076e-17
5751.75,3.03228e-17
5753.08,1.05932e-17
5754.40,2.58067e-17
5755.72,2.27285e-17
5757.05,1.96694e-17
5758.37,3.08361e-17
5759.70,1.82908e-17
5761.03,2.44542e-17
5762.36,2.06801e-17
5763.68,3.40935e-17
5765.01,2.33857e-17
5766.34,2.10641e-17
5767.66,2.06075e-17
5768.99,2.56483e-17
5770.32,2.29765e-17
5771.65,1.46711e-17
5772.98,2.37350e-17
5774.31,1.25577e-17
5775.64,2.41682e-17
5776.97,1.50188e-17
5778.30,2.32822e-17
5779.63,2.52487e-17
5780.96,2.91609e-17
5782.29,3.34264e-17
5783.62,1.79814e-17
5784.96,2.93585e-17
5786.29,2.21366e-17
5787.62,2.48451e-17
5788.95,2.42612e-17
5790.29,1.73314e-17
5791.62,2.11896e-17
5792.95,2.51446e-17
5794.29,3.05249e-17
5795.62,3.58232e-17
5796.96,2.22694e-17
5798.29,3.21909e-17
5799.63,1.11471e-17
5800.96,1.36390e-17
5802.30,1.67566e-17
5803.63,2.14238e-17
5804.97,3.07873e-17
5806.31,2.97910e-17
5807.64,2.22860e-17
5808.98,1.47155e-17
5810.32,1.81982e-17
5811.66,3.20954e-17
5813.00,3.10278e-17
5814.33,3.35614e-17
5815.67,3.54747e-17
5817.01,3.08446e-17
5818.35,3.08739e-17
5819.69,2.71502e-17
5821.03,1.82417e-17
5822.37,2.18928e-17
5823.71,3.35959e-17
5825.06,2.89978e-17
5826.40,1.56836e-17
5827.74,7.27451e-18
5829.08,2.08403e-17
5830.42,2.12247e-17
5831.76,2.09455e-17
5833.11,2.14102e-17
5834.45,1.45397e-17
5835.79,1.72314e-17
5837.14,2.21708e-17
5838.48,1.54596e-17
5839.83,2.56233e-17
5841.17,2.07617e-17
5842.52,1.81520e-17
5843.86,1.78194e-17
5845.21,1.78988e-17
5846.56,2.90093e-17
5847.90,3.23031e-17
5849.25,1.96807e-17
5850.59,2.27908e-17
5851.94,2.94925e-17
5853.29,2.21904e-17
5854.64,2.75474e-17
5855.99,1.99615e-17
5857.33,2.78368e-17
5858.68,2.87862e-17
5860.03,1.54752e-17
5861.38,2.49457e-17
5862.73,3.01349e-17
5864.08,1.53018e-17
5865.43,1.34798e-17
5866.78,2.65508e-17
5868.14,3.31729e-17
5869.48,3.66437e-17
5870.84,2.15688e-17
5872.19,3.20202e-17
5873.54,1.01141e-17
5874.89,3.04423e-17
5876.25,1.72811e-17
5877.60,1.95623e-17
5878.95,2.91646e-17
5880.31,1.40341e-17
5881.66,2.59318e-17
5883.01,4.30609e-17
5884.37,2.20179e-17
5885.72,2.98495e-17
5887.08,3.44145e-17
5888.44,5.18386e-17
5889.79,8.97704e-18
5891.15,1.07617e-17
5892.50,3.89317e-17
5893.86,3.75495e-17
5895.22,2.49680e-17
5896.58,3.29336e-17
5897.94,3.19992e-17
5899.30,4.05212e-17
5900.65,1.63457e-17
5902.01,2.67462e-17
5903.37,3.22070e-17
5904.73,2.85738e-17
5906.09,1.94745e-17
5907.45,2.98865e-17
5908.81,1.97456e-17
5910.17,1.63580e-17
5911.53,3.35379e-17
5912.89,1.80939e-17
5914.25,1.66350e-17
5915.62,2.07137e-17
5916.98,1.38620e-17
5918.34,2.77220e-17
5919.70,1.95801e-17
5921.07,2.14465e-17
5922.43,1.58769e-17
5923.79,2.40519e-17
5925.16,2.74465e-17
5926.52,2.15753e-17
5927.89,2.73233e-17
5929.25,2.92215e-17
5930.62,3.11875e-17
5931.98,3.72981e-17
5933.35,1.72696e-17
5934.72,2.59030e-17
5936.08,1.75541e-17
5937.45,2.50374e-17
5938.82,2.20010e-17
5940.18,1.67037e-17
5941.55,1.68937e-17
5942.92,1.92228e-17
5944.29,1.73062e-17
5945.66,1.20356e-17
5947.03,3.01692e-17
5948.40,2.79720e-17
5949.77,2.23528e-17
5951.14,2.65033e-17
5952.51,2.34589e-17
5953.88,2.69876e-17
5955.25,2.24921e-17
5956.62,2.69897e-17
5957.99,3.58650e-17
5959.36,2.66842e-17
5960.74,2.03741e-17
5962.11,2.87200e-17
5963.48,2.33841e-17
5964.86,2.50336e-17
5966.23,1.06237e-17
5967.60,3.01242e-17
5968.98,2.59116e-17
5970.35,1.23221e-17
5971.73,1.29661e-17
5973.10,2.09453e-17
5974.48,2.48488e-17
5975.86,2.01949e-17
5977.23,1.26861e-17
5978.61,1.84394e-17
5979.98,2.39976e-17
5981.36,1.79158e-17
5982.74,2.74776e-17
5984.11,3.00136e-17
5985.49,1.42838e-17
5986.87,2.14458e-17
5988.25,1.66024e-17
5989.63,2.48945e-17
5991.01,2.68567e-17
5992.39,1.65373e-17
5993.77,2.48161e-17
5995.15,2.27385e-17
5996.53,2.48524e-17
5997.91,2.63694e-17
5999.29,2.72770e-17
6000.67,2.13708e-17
6002.06,2.20906e-17
6003.44,1.39852e-17
6004.82,2.16606e-17
6006.20,2.55785e-17
6007.59,1.87949e-17
6008.97,1.97868e-17
6010.35,2.35475e-17
6011.74,1.85191e-17
6013.12,2.48288e-17
6014.51,2.37642e-17
6015.89,2.26486e-17
6017.28,1.70784e-17
6018.66,8.67429e-18
6020.05,2.10602e-17
6021.44,2.29359e-17
6022.82,2.03013e-17
6024.21,1.41929e-17
6025.60,1.38067e-17
6026.98,2.34521e-17
6028.37,1.35002e-17
6029.76,1.17523e-17
6031.15,2.64261e-17
6032.54,1.79385e-17
6033.93,2.55965e-17
6035.32,2.15062e-17
6036.71,1.57461e-17
6038.10,2.50453e-17
6039.48,2.22655e-17
6040.88,1.85988e-17
6042.27,1.78553e-17
6043.66,1.10018e-17
6045.05,1.69844e-17
6046.44,3.46696e-17
6047.84,1.96497e-17
6049.23,1.67166e-17
6050.62,2.47152e-17
6052.01,2.16932e-17
6053.41,1.09248e-17
6054.80,2.19594e-17
6056.20,2.19576e-17
6057.59,2.07711e-17
6058.99,3.46310e-17
6060.38,2.83384e-17
6061.78,6.60135e-18
6063.17,2.26053e-17
6064.57,2.49540e-17
6065.97,2.36118e-17
6067.36,2.12742e-17
6068.76,2.02700e-17
6070.16,1.91008e-17
6071.55,2.87381e-17
6072.95,3.29851e-17
6074.35,2.59039e-17
6075.75,1.72490e-17
6077.15,1.91226e-17
6078.55,1.86516e-17
6079.95,1.04038e-17
6081.35,2.05503e-17
6082.75,1.69706e-17
6084.15,1.21838e-17
6085.55,2.23656e-17
6086.95,2.22993e-17
6088.35,2.23956e-17
6089.76,1.67547e-17
6091.16,1.82851e-17
6092.56,1.76538e-17
6093.97,1.72408e-17
6095.37,2.08511e-17
6096.77,2.28746e-17
6098.18,2.09780e-17
6099.58,1.76724e-17
6100.98,1.90053e-17
6102.39,1.39310e-17
6103.80,1.05876e-17
6105.20,1.38032e-17
6106.61,2.38580e-17
6108.02,2.13666e-17
6109.42,2.15933e-17
6110.83,2.72529e-17
6112.23,2.21194e-17
6113.64,2.05756e-17
6115.05,2.50898e-17
6116.46,1.40493e-17
6117.87,1.51513e-17
6119.28,1.95061e-17
6120.68,1.37165e-17
6122.09,1.28477e-17
6123.50,2.93520e-17
6124.91,1.31822e-17
6126.32,2.11215e-17
6127.74,1.61973e-17
6129.15,2.51298e-17
6130.56,2.47866e-17
6131.97,1.74537e-17
6133.38,2.51565e-17
6134.80,1.55856e-17
6136.21,1.09989e-17
6137.62,1.88878e-17
6139.03,7.55263e-18
6140.45,2.10014e-17
6141.86,2.02199e-17
6143.27,1.38612e-17
6144.69,1.75699e-17
6146.10,1.92871e-17
6147.52,2.84352e-17
6148.94,2.47394e-17
6150.35,1.55113e-17
6151.77,1.95623e-17
6153.18,2.11110e-17
6154.60,2.15316e-17
6156.02,2.02729e-17
6157.44,1.88126e-17
6158.86,3.06408e-17
6160.27,2.42503e-17
6161.69,7.93733e-18
6163.11,2.96145e-17
6164.53,1.95198e-17
6165.95,1.94796e-17
6167.37,2.41561e-17
6168.79,2.07051e-17
6170.21,1.92928e-17
6171.63,1.86926e-17
6173.05,2.26808e-17
6174.48,2.32522e-17
6175.90,2.66150e-17
6177.32,2.23974e-17
6178.74,2.83167e-17
6180.16,1.77787e-17
6181.59,1.73547e-17
6183.01,2.13952e-17
6184.44,2.79377e-17
6185.86,3.07674e-17
6187.28,1.90368e-17
6188.71,7.63300e-18
6190.13,1.44568e-17
6191.56,1.99607e-17
6192.98,9.77103e-18
6194.41,2.02874e-17
6195.84,2.33665e-17
6197.27,1.95809e-17
6198.69,1.99513e-17
6200.12,1.48136e-17
6201.55,1.62660e-17
6202.97,1.11548e-17
6204.40,1.62668e-17
6205.83,1.59387e-17
6207.26,2.05262e-17
6208.69,2.58781e-17
6210.12,1.88352e-17
6211.55,1.70343e-17
6212.98,1.28159e-17
6214.41,1.54752e-17
6215.84,2.29979e-17
6217.27,2.08219e-17
6218.71,1.93776e-17
6220.14,1.61407e-17
6221.57,1.50789e-17
6223.00,1.85605e-17
6224.44,2.15397e-17
6225.87,2.24204e-17
6227.30,2.16749e-17
6228.74,2.20083e-17
6230.17,1.95391e-17
6231.61,1.12549e-17
6233.04,1.13964e-17
6234.48,1.40560e-17
6235.91,4.25017e-18
6237.35,1.35145e-17
6238.78,2.31403e-17
6240.22,1.91210e-17
6241.66,1.54651e-17
6243.09,2.16045e-17
6244.53,2.65321e-17
6245.97,3.34494e-17
6247.41,2.48292e-17
6248.85,1.43342e-17
6250.29,1.89168e-17
6251.73,1.61372e-17
6253.16,1.75107e-17
6254.61,2.33410e-17
6256.05,2.39871e-17
6257.49,1.70138e-17
6258.93,2.25389e-17
6260.37,3.11023e-17
6261.81,1.01286e-17
6263.25,1.25490e-17
6264.70,1.28385e-17
6266.14,1.55994e-17
6267.58,1.83023e-17
6269.02,1.49106e-17
6270.47,1.64354e-17
6271.91,2.03169e-17
6273.36,2.48827e-17
6274.80,3.53365e-17
6276.25,1.92657e-17
6277.69,1.51891e-17
6279.14,1.65187e-17
6280.59,1.99079e-17
6282.03,2.03775e-17
6283.48,1.89958e-17
6284.92,1.89407e-17
6286.37,2.02523e-17
6287.82,1.96251e-17
6289.27,2.40239e-17
6290.72,1.72409e-17
6292.16,1.32293e-17
6293.61,2.39153e-17
6295.06,1.36866e-17
6296.51,2.39766e-17
6297.96,1.78203e-17
6299.41,1.03586e-17
6300.86,-7.07612e-17
6302.31,1.39851e-16
6303.76,6.61266e-17
6305.22,-2.42348e-17
6306.67,-4.83835e-18
6308.12,1.98386e-17
6309.57,1.91548e-17
6311.03,1.39656e-17
6312.48,1.50956e-17
6313.93,1.45219e-17
6315.39,1.40868e-17
6316.84,2.48642e-17
6318.30,2.10870e-17
6319.75,1.39972e-17
6321.21,2.19317e-17
6322.66,1.87389e-17
6324.12,2.15979e-17
6325.57,2.06157e-17
6327.03,7.93395e-18
6328.49,1.87037e-17
6329.95,2.01714e-17
6331.40,2.09464e-17
6332.86,1.72176e-17
6334.32,1.32538e-17
6335.78,2.04783e-17
6337.24,1.96047e-17
6338.70,1.49426e-17
6340.16,1.85385e-17
6341.62,1.48240e-17
6343.08,2.08707e-17
6344.54,1.80174e-17
6346.00,1.10366e-17
6347.46,1.73425e-17
6348.92,2.09325e-17
6350.38,1.78295e-17
6351.85,2.41581e-17
6353.31,1.72668e-17
6354.77,1.95093e-17
6356.24,1.87716e-17
6357.70,1.26717e-17
6359.16,1.91482e-17
6360.63,1.38603e-17
6362.09,1.38646e-17
6363.56,8.74312e-18
6365.02,7.31518e-18
6366.49,8.10538e-17
6367.95,5.18475e-19
6369.42,-9.20672e-19
6370.89,1.76859e-17
6372.36,9.86747e-18
6373.82,1.81295e-17
6375.29,2.11489e-17
6376.76,2.19576e-17
6378.23,1.74353e-17
6379.70,1.96945e-17
6381.16,2.91047e-17
6382.64,2.47251e-17
6384.10,1.96775e-17
6385.58,2.33815e-17
6387.05,1.37486e-17
6388.51,1.60191e-17
6389.99,1.17150e-17
6391.46,1.92038e-17
6392.93,1.50880e-17
6394.40,2.38456e-17
6395.88,1.57134e-17
6397.35,1.10313e-17
6398.82,1.78540e-17
6400.30,1.81277e-17
6401.77,1.12809e-17
6403.24,7.21730e-18
6404.72,1.04810e-17
6406.19,1.26344e-17
6407.67,1.49914e-17
6409.14,2.59400e-17
6410.62,1.85346e-17
6412.09,1.80971e-17
6413.57,2.18538e-17
6415.05,1.40807e-17
6416.53,1.78351e-17
6418.00,1.69076e-17
6419.48,1.58184e-17
6420.96,1.04164e-17
6422.44,1.38084e-17
6423.92,2.61686e-17
6425.40,2.15790e-17
6426.88,1.62093e-17
6428.36,1.82505e-17
6429.84,1.82284e-17
6431.32,1.68022e-17
6432.80,1.14048e-17
6434.28,1.72766e-17
6435.76,1.30324e-17
6437.25,2.49306e-17
6438.73,1.74239e-17
6440.21,2.02786e-17
6441.69,1.02015e-17
6443.18,1.97141e-17
6444.66,1.07107e-17
6446.14,1.68462e-17
6447.63,2.25316e-17
6449.11,1.58177e-17
6450.60,1.74851e-17
6452.08,1.90030e-17
6453.57,1.97000e-17
6455.06,2.08016e-17
6456.54,1.65370e-17
6458.03,2.12101e-17
6459.52,1.75298e-17
6461.01,1.92010e-17
6462.49,6.42250e-18
6463.98,1.38263e-17
6465.47,1.65321e-17
6466.96,1.78309e-17
6468.45,2.15321e-17
6469.94,2.00070e-17
6471.43,1.17426e-17
6472.92,8.85700e-18
6474.41,1.36008e-17
6475.90,1.90422e-17
6477.39,1.86170e-17
6478.88,1.43493e-17
6480.37,1.01334e-17
6481.87,8.91820e-18
6483.36,1.62290e-17
6484.85,2.13454e-17
6486.34,1.23594e-17
6487.84,1.70971e-17
6489.33,1.59031e-17
6490.83,2.11167e-17
6492.32,2.35913e-17
6493.82,1.35480e-17
6495.31,1.13499e-17
6496.81,1.26210e-17
6498.30,1.27859e-17
6499.80,1.64554e-17
6501.30,1.24593e-17
6502.80,1.31142e-17
6504.29,1.57937e-17
6505.79,1.29425e-17
6507.29,1.62539e-17
6508.78,1.89063e-17
6510.29,1.27197e-17
6511.78,9.67358e-18
6513.28,1.33947e-17
6514.78,2.18692e-17
6516.28,2.84977e-18
6517.78,1.18098e-17
6519.28,1.47408e-17
6520.79,1.21870e-17
6522.29,1.38097e-17
6523.79,1.53811e-17
6525.29,1.19382e-17
6526.79,7.46497e-18
6528.30,1.89381e-17
6529.80,1.63065e-17
6531.31,1.12608e-17
6532.81,7.48005e-18
6534.32,1.00040e-17
6535.82,2.43826e-17
6537.32,1.93181e-17
6538.83,1.67961e-17
6540.33,8.11573e-18
6541.84,1.45061e-17
6543.35,7.10983e-18
6544.86,2.37397e-17
6546.36,1.62844e-17
6547.87,1.73875e-17
6549.38,1.62942e-17
6550.88,8.33397e-18
6552.39,8.88787e-18
6553.90,1.05936e-17
6555.41,1.51099e-17
6556.92,3.41037e-18
6558.43,5.30953e-18
6559.94,8.36203e-18
6561.45,3.52451e-18
6562.96,8.61159e-19
6564.47,4.24523e-18
6565.99,1.94817e-17
6567.50,6.25958e-18
6569.01,1.07260e-17
6570.52,8.04140e-18
6572.04,1.43471e-17
6573.55,7.68930e-18
6575.06,8.57582e-18
6576.58,1.20544e-17
6578.09,2.30805e-17
6579.61,1.92899e-17
6581.12,1.90030e-17
6582.64,5.90996e-18
6584.15,1.37379e-18
6585.67,1.14585e-17
6587.19,1.24804e-17
6588.70,7.36475e-18
6590.22,9.47966e-18
6591.74,1.24206e-17
6593.26,1.31403e-17
6594.78,1.56079e-17
6596.29,1.26737e-17
6597.81,1.05654e-17
6599.33,1.48107e-17
6600.85,1.76083e-17
6602.37,1.65222e-17
6603.89,1.26924e-17
6605.41,1.15932e-17
6606.93,2.01998e-17
6608.46,1.28627e-17
6609.98,6.39326e-18
6611.50,1.10917e-17
6613.02,1.41668e-17
6614.54,1.31841e-17
6616.07,1.62001e-17
6617.59,1.39044e-17
6619.12,8.97667e-18
6620.64,1.04734e-17
6622.17,9.28261e-18
6623.69,7.98765e-18
6625.21,1.03052e-17
6626.74,9.67733e-18
6628.27,1.64207e-17
6629.79,1.15908e-17
6631.32,1.20400e-17
6632.85,1.06907e-17
6634.37,1.14818e-17
6635.90,1.61072e-17
6637.43,9.10858e-18
6638.96,1.51689e-17
6640.49,1.82803e-17
6642.02,1.49568e-17
6643.55,1.67134e-17
6645.08,1.46765e-17
6646.61,1.27792e-17
6648.14,1.53833e-17
6649.67,1.36661e-17
6651.20,1.73316e-17
6652.73,1.84570e-17
6654.27,1.36220e-17
6655.80,1.73080e-17
6657.33,1.77312e-17
6658.86,1.23749e-17
6660.39,1.93715e-17
6661.93,1.58406e-17
6663.46,1.43621e-17
6665.00,1.46412e-17
6666.53,1.70870e-17
6668.07,1.53494e-17
6669.60,6.94314e-18
6671.14,1.78981e-17
6672.68,1.55643e-17
6674.21,1.81087e-17
6675.75,7.80756e-18
6677.29,1.49290e-17
6678.83,1.73654e-17
6680.36,1.88761e-17
6681.90,1.51274e-17
6683.44,1.23019e-17
6684.98,1.20799e-17
6686.52,1.51060e-17
6688.06,1.31547e-17
6689.60,8.48270e-18
6691.14,1.06918e-17
6692.68,9.68755e-18
6694.22,1.35810e-17
6695.76,1.37474e-17
6697.31,1.24701e-17
6698.85,1.69802e-17
6700.39,1.82690e-17
6701.93,1.15668e-17
6703.47,1.46232e-17
6705.02,1.98710e-17
6706.56,1.17217e-17
6708.11,1.20786e-17
6709.65,1.44610e-17
6711.20,1.16291e-17
6712.74,1.75367e-17
6714.29,1.96380e-17
6715.84,1.04465e-17
6717.38,1.11655e-17
6718.93,6.68280e-18
6720.48,7.49316e-18
6722.02,1.64261e-17
6723.57,1.55643e-17
6725.12,1.73262e-17
6726.67,1.99131e-17
6728.22,1.25059e-17
6729.77,1.67559e-17
6731.32,1.15603e-17
6732.87,1.07298e-17
6734.42,1.42318e-17
6735.97,1.81995e-17
6737.52,1.25171e-17
6739.07,1.19571e-17
6740.62,1.37147e-17
6742.17,1.49172e-17
6743.73,2.14444e-17
6745.28,1.46840e-17
6746.83,8.95159e-18
6748.39,1.12877e-17
6749.94,1.38219e-17
6751.50,1.58760e-17
6753.05,2.17377e-17
6754.61,1.54212e-17
6756.16,8.22765e-18
6757.72,1.57833e-17
6759.27,1.49260e-17
6760.83,1.30479e-17
6762.39,1.95696e-17
6763.94,1.47266e-17
6765.50,1.25338e-17
6767.06,1.61346e-17
6768.62,1.32890e-17
6770.18,1.70173e-17
6771.73,1.09203e-17
6773.30,1.01600e-17
6774.85,1.42462e-17
6776.42,2.06025e-17
6777.98,1.27244e-17
6779.53,1.71754e-17
6781.10,8.22915e-18
6782.66,1.70977e-17
6784.22,1.64891e-17
6785.78,2.03865e-17
6787.35,1.36897e-17
6788.91,1.55182e-17
6790.47,1.57102e-17
6792.04,7.18313e-18
6793.60,1.36257e-17
6795.17,1.34738e-17
6796.73,1.00446e-17
6798.30,1.20827e-17
6799.86,1.63606e-17
6801.43,1.41196e-17
6802.99,6.73636e-18
6804.56,7.21738e-18
6806.13,1.13999e-17
6807.69,1.28547e-17
6809.26,1.51011e-17
6810.83,1.41621e-17
6812.40,1.88794e-17
6813.97,1.93527e-17
6815.53,1.67977e-17
6817.11,1.54705e-17
6818.67,1.61569e-17
6820.25,1.00893e-17
6821.82,1.27599e-17
6823.39,1.78892e-17
6824.96,1.88755e-17
6826.53,1.28615e-17
6828.10,7.75416e-18
6829.67,1.05268e-17
6831.25,1.26630e-17
6832.82,1.81562e-17
6834.40,9.67059e-18
6835.97,2.01566e-17
6837.54,2.40553e-17
6839.12,1.16002e-17
6840.69,1.13453e-17
6842.27,7.14568e-18
6843.84,1.01440e-17
6845.42,1.47272e-17
6846.99,1.32732e-17
6848.57,1.42062e-17
6850.15,1.10749e-17
6851.73,1.52971e-17
6853.31,1.52921e-17
6854.88,1.39300e-17
6856.46,1.16456e-17
6858.04,1.06128e-17
6859.62,1.38577e-17
6861.20,1.26328e-17
6862.78,1.28724e-17
6864.36,9.45248e-19
6865.94,7.85889e-18
6867.52,2.00062e-17
6869.10,9.38031e-18
6870.68,1.19213e-17
6872.27,1.34326e-17
6873.85,9.89940e-18
6875.43,1.77604e-17
6877.01,1.73007e-17
6878.60,1.40210e-17
6880.18,1.54624e-17
6881.77,1.85480e-17
6883.35,1.16005e-17
6884.94,1.39648e-17
6886.52,1.37439e-17
6888.11,1.22501e-17
6889.70,7.97901e-18
6891.28,1.36754e-17
6892.87,1.59354e-17
6894.46,1.14690e-17
6896.04,1.52759e-17
6897.63,1.31126e-17
6899.22,9.14530e-18
6900.81,1.41577e-17
6902.40,1.73807e-17
6903.99,2.08735e-17
6905.58,1.88349e-17
6907.17,1.57572e-17
6908.76,1.96311e-17
6910.35,9.26347e-18
6911.94,8.29073e-18
6913.53,1.24024e-17
6915.12,1.64407e-17
6916.72,1.46555e-17
6918.31,4.60329e-18
6919.90,1.14514e-17
6921.50,5.80403e-18
6923.09,9.04246e-18
6924.68,1.65505e-17
6926.28,2.94913e-17
6927.87,1.32427e-17
6929.47,1.47868e-17
6931.07,1.69791e-17
6932.66,1.33276e-17
6934.26,2.11707e-17
6935.85,1.05598e-17
6937.45,9.68378e-18
6939.05,1.69896e-17
6940.65,1.55726e-17
6942.25,2.41522e-17
6943.84,2.00395e-17
6945.44,8.38551e-18
6947.04,1.32007e-17
6948.64,1.42772e-17
6950.24,6.48210e-18
6951.84,1.68583e-17
6953.45,1.56527e-17
6955.05,5.08172e-18
6956.65,1.85703e-17
6958.25,1.25749e-17
6959.85,1.38266e-17
6961.45,1.16740e-17
6963.06,1.67931e-17
6964.66,1.26804e-17
6966.26,1.14859e-17
6967.87,1.45209e-18
6969.47,1.27069e-17
6971.08,6.14296e-18
6972.68,2.38653e-17
6974.29,1.18031e-17
6975.90,9.82384e-18
6977.50,1.89700e-17
6979.11,1.31662e-17
6980.72,2.63658e-17
6982.33,7.25030e-18
6983.93,1.12764e-17
6985.54,1.18078e-17
6987.15,2.03783e-17
6988.76,1.51591e-17
6990.37,1.05364e-17
6991.98,1.19098e-17
6993.59,6.27157e-18
6995.20,1.41880e-17
6996.81,9.52392e-18
6998.42,1.07911e-17
7000.03,1.52566e-17
7001.64,8.19750e-18
7003.26,1.88784e-17
7004.87,1.77663e-17
7006.48,1.51393e-17
7008.09,1.51087e-17
7009.71,1.23272e-17
7011.32,7.43518e-18
7012.94,1.37867e-17
7014.55,2.54344e-17
7016.17,2.12668e-17
7017.78,1.03705e-17
7019.40,8.07600e-18
7021.02,1.44661e-17
7022.63,1.86151e-17
7024.25,1.54841e-17
7025.87,6.24006e-18
7027.49,9.02089e-18
7029.10,1.83014e-17
7030.72,1.05569e-17
7032.34,1.30420e-17
7033.96,1.37675e-17
7035.58,1.93402e-17
7037.20,1.29495e-17
7038.82,1.26307e-17
7040.44,1.04693e-17
7042.07,1.05846e-17
7043.69,1.40549e-17
7045.31,2.07632e-17
7046.93,8.21754e-18
7048.55,1.62055e-17
7050.18,1.53583e-17
7051.80,2.57067e-17
7053.43,1.48420e-17
7055.05,1.34138e-17
7056.67,9.29876e-18
7058.30,1.09248e-17
7059.92,1.69875e-17
7061.55,9.94201e-18
7063.18,3.76483e-18
7064.80,9.44488e-18
7066.43,9.66558e-18
7068.05,1.40656e-17
7069.68,1.16047e-17
7071.31,1.23122e-17
7072.94,1.40665e-17
7074.57,1.18918e-17
7076.20,1.63762e-17
7077.83,1.28392e-17
7079.46,1.51781e-17
7081.09,1.82158e-17
7082.72,1.58312e-17
7084.35,1.80691e-17
7085.98,1.99503e-17
7087.61,1.07084e-17
7089.24,9.02817e-18
7090.88,1.60015e-17
7092.51,8.32023e-18
7094.14,9.32218e-18
7095.78,1.74775e-17
7097.41,1.35898e-17
7099.05,1.18108e-17
7100.68,9.98250e-18
7102.31,8.63790e-18
7103.95,7.98624e-18
7105.59,8.90919e-18
7107.23,1.55918e-17
7108.86,1.30406e-17
7110.50,1.26658e-17
7112.14,1.41456e-17
7113.77,1.01513e-17
7115.41,1.18965e-17
7117.05,1.09872e-17
7118.69,8.57815e-18
7120.33,5.04095e-18
7121.97,1.13853e-17
7123.61,1.34097e-17
7125.25,5.58537e-18
7126.89,8.44840e-18
7128.53,1.12514e-17
7130.17,1.01281e-17
7131.81,8.08503e-18
7133.46,1.04899e-17
7135.10,1.17157e-17
7136.74,1.70583e-17
7138.39,8.56250e-18
7140.03,1.05022e-17
7141.68,7.45704e-18
7143.32,6.52610e-18
7144.97,1.43276e-17
7146.61,1.13993e-17
7148.25,6.92040e-18
7149.90,1.49047e-17
7151.55,1.84245e-17
7153.19,1.94064e-17
7154.84,1.12129e-17
7156.49,5.04172e-18
7158.14,1.22363e-17
7159.78,1.54299e-17
7161.43,1.00064e-17
7163.08,8.33388e-18
7164.73,1.09995e-17
7166.38,1.29943e-17
7168.03,1.25895e-17
7169.68,1.67212e-17
7171.34,1.48915e-17
7172.99,1.75696e-17
7174.64,8.06471e-18
7176.29,8.80748e-18
7177.94,1.55165e-17
7179.60,9.24741e-18
7181.25,1.37066e-17
7182.90,9.26745e-18
7184.56,1.37750e-17
7186.21,9.50968e-18
7187.87,1.33509e-17
7189.52,1.49116e-17
7191.18,7.83622e-18
7192.83,1.04803e-17
7194.49,1.71352e-17
7196.15,1.07732e-17
7197.80,5.06187e-18
7199.46,8.77478e-18
7201.12,1.48765e-17
7202.78,1.48394e-17
7204.44,1.56651e-17
7206.10,1.37046e-17
7207.76,1.61811e-17
7209.41,1.12109e-17
7211.08,1.64999e-17
7212.73,9.89589e-18
7214.40,1.58685e-17
7216.06,1.45176e-17
7217.72,8.19079e-18
7219.38,1.82125e-17
7221.04,1.48280e-17
7222.71,1.36339e-17
7224.37,1.41614e-17
7226.03,9.98008e-18
7227.70,6.29804e-18
7229.36,3.49368e-18
7231.03,8.91171e-18
7232.69,1.37759e-17
7234.36,1.11989e-17
7236.02,1.16686e-17
7237.69,1.29265e-17
7239.36,1.29630e-17
7241.03,1.92874e-18
7242.69,2.03941e-17
7244.36,2.58071e-17
7246.03,-3.94132e-18
7247.70,2.46621e-17
7249.37,2.74071e-17
7251.03,1.02893e-17
7252.71,1.86280e-17
7254.38,8.15289e-18
7256.04,1.52789e-17
7257.72,1.56828e-17
7259.39,1.35296e-17
7261.06,1.82775e-17
7262.73,1.86656e-17
7264.41,1.38357e-17
7266.08,2.27026e-17
7267.75,1.60637e-17
7269.42,1.19731e-17
7271.10,1.90663e-17
7272.77,1.13100e-17
7274.45,1.29191e-17
7276.12,3.72037e-18
7277.80,1.67343e-17
7279.47,3.65653e-17
7281.15,1.21475e-18
7282.83,-4.26623e-18
7284.51,1.04263e-17
7286.18,7.20476e-18
7287.86,1.71258e-17
7289.54,1.50574e-17
7291.22,5.71644e-19
7292.90,8.93940e-18
7294.57,1.33560e-17
7296.26,3.42749e-18
7297.93,9.53467e-18
7299.62,1.48451e-17
7301.30,1.16103e-17
7302.98,4.25924e-18
7304.66,6.00766e-18
7306.34,1.11642e-17
7308.03,7.21675e-18
7309.71,1.29563e-17
7311.39,1.91166e-17
7313.07,1.58131e-17
7314.76,1.31953e-17
7316.44,-4.21208e-19
7318.13,3.25803e-18
7319.81,3.12398e-17
7321.50,1.25676e-17
7323.19,1.16954e-17
7324.87,1.52521e-17
7326.56,1.52966e-17
7328.25,8.23572e-18
7329.93,7.33644e-18
7331.62,1.53523e-17
7333.31,1.16570e-17
7335.00,5.04759e-18
7336.69,2.03134e-17
7338.38,1.07762e-17
7340.07,1.63788e-17
7341.76,1.12546e-17
7343.45,3.41135e-17
7345.14,3.19934e-17
7346.83,-6.51342e-18
7348.52,8.48716e-18
7350.22,1.17780e-17
7351.91,1.25294e-17
7353.60,7.29577e-18
7355.29,8.82350e-18
7356.99,7.54029e-18
7358.68,-2.84829e-18
7360.38,7.02575e-18
7362.07,1.03273e-17
7363.77,9.93740e-18
7365.46,1.05433e-17
7367.16,1.53685e-17
7368.85,1.26295e-17
7370.55,9.71774e-19
7372.25,1.92378e-17
7373.95,2.45666e-17
7375.65,7.41434e-18
7377.34,1.54707e-17
7379.04,1.10700e-17
7380.74,8.84850e-18
7382.44,5.33297e-18
7384.14,8.12070e-18
7385.84,1.00698e-17
7387.54,1.37503e-17
7389.24,1.75243e-17
7390.95,5.96845e-18
7392.65,-2.56837e-19
7394.35,1.97678e-17
7396.05,2.29712e-17
7397.76,7.32450e-18
7399.46,3.61121e-18
7401.16,1.21453e-17
7402.87,7.19658e-18
7404.57,1.77799e-17
7406.28,9.16070e-18
7407.98,6.78428e-19
7409.69,1.46861e-17
7411.40,1.41089e-17
7413.10,1.76550e-17
7414.81,1.23383e-17
7416.52,7.81152e-18
7418.23,1.52091e-17
7419.93,1.32149e-17
7421.64,1.34789e-17
7423.35,1.41896e-17
7425.06,1.28134e-17
7426.77,1.26585e-17
7428.48,9.05468e-18
7430.19,6.21483e-18
7431.90,1.46385e-17
7433.61,8.63870e-18
7435.33,6.71448e-18
7437.04,1.37623e-17
7438.75,9.05574e-18
7440.46,1.35755e-17
7442.18,1.49962e-17
7443.89,9.32123e-18
7445.61,4.31951e-18
7447.32,6.53625e-18
7449.04,1.28560e-17
7450.75,3.91704e-18
7452.46,8.77282e-18
7454.18,1.77069e-17
7455.90,1.50121e-17
7457.62,6.72004e-18
7459.33,1.44705e-17
7461.05,4.15030e-18
7462.77,8.36469e-18
7464.49,1.23617e-17
7466.21,1.00758e-17
7467.93,9.48871e-18
7469.65,1.93186e-17
7471.36,7.97190e-18
7473.09,7.53936e-18
7474.81,9.78747e-19
7476.53,9.10709e-18
7478.25,3.25628e-18
7479.97,7.59658e-18
7481.70,1.88089e-17
7483.42,1.79336e-17
7485.14,2.65456e-18
7486.86,1.89239e-17
7488.59,4.37174e-18
7490.31,1.44953e-17
7492.04,1.13876e-17
7493.77,4.35021e-18
7495.49,9.34134e-18
7497.22,1.62437e-17
7498.94,1.09881e-17
7500.67,1.15315e-17
7502.40,1.24601e-17
7504.12,7.71412e-18
7505.85,9.33851e-18
7507.58,1.50097e-17
7509.31,8.84052e-18
7511.04,1.44577e-17
7512.77,1.11618e-17
7514.50,1.07627e-17
7516.23,1.87812e-17
7517.96,1.50161e-17
7519.69,7.53713e-18
7521.42,3.52329e-18
7523.15,2.29278e-18
7524.89,7.61303e-18
7526.62,2.36949e-17
7528.35,1.39487e-17
7530.09,2.14875e-18
7531.82,1.05585e-17
7533.56,1.25719e-17
7535.29,8.38590e-18
7537.02,8.46241e-18
7538.76,7.71509e-18
7540.50,5.78294e-18
7542.23,1.22316e-17
7543.97,1.13320e-17
7545.71,5.09615e-18
7547.45,1.39790e-18
7549.18,1.24930e-17
7550.92,1.23032e-17
7552.66,4.10198e-18
7554.40,5.31879e-18
7556.14,4.06123e-18
7557.88,6.12999e-18
7559.62,2.16353e-17
7561.36,1.96065e-17
7563.10,7.70834e-18
7564.84,8.42328e-18
7566.59,9.37667e-18
7568.33,1.53399e-17
7570.07,1.31105e-17
7571.81,1.02667e-17
7573.56,7.27154e-18
7575.30,1.64976e-17
7577.05,1.15114e-17
7578.79,1.57620e-17
7580.54,1.06914e-17
7582.28,2.19911e-17
7584.03,1.12965e-17
7585.78,1.03912e-17
7587.52,9.63926e-18
7589.27,2.17996e-17
7591.02,1.74505e-17
7592.76,6.10755e-18
7594.52,1.47132e-17
7596.26,5.17185e-18
7598.01,2.02906e-17
7599.76,1.94490e-17
7601.51,2.97505e-17
7603.26,-1.06486e-17
7605.01,-1.44613e-17
7606.77,1.15035e-17
7608.52,2.20065e-17
7610.27,2.80690e-17
7612.02,1.67955e-18
7613.77,1.67743e-17
7615.53,3.07303e-18
7617.28,5.67037e-18
7619.04,6.38361e-18
7620.79,1.43891e-17
7622.55,4.82202e-18
7624.30,1.20470e-18
7626.05,1.41579e-17
7627.81,-1.04952e-18
7629.57,1.55351e-17
7631.33,2.58835e-17
7633.08,2.83012e-18
7634.84,5.85067e-18
7636.60,1.08348e-17
7638.36,1.57901e-17
7640.12,1.89234e-17
7641.88,7.32937e-18
7643.64,7.08327e-18
7645.40,1.20026e-18
7647.16,8.40867e-18
7648.92,4.44304e-18
7650.68,1.31994e-17
7652.44,3.63100e-18
7654.20,9.23385e-18
7655.97,1.42590e-17
7657.73,1.13651e-17
7659.49,3.88712e-18
7661.26,1.24417e-17
7663.02,6.34292e-18
7664.79,1.00610e-17
7666.55,1.78873e-17
7668.32,1.26872e-17
7670.08,1.29125e-18
7671.85,1.12613e-17
7673.61,1.17930e-17
7675.38,1.07983e-17
7677.15,1.40294e-17
7678.92,3.38213e-18
7680.69,7.76802e-18
7682.45,8.35330e-18
7684.23,1.53807e-17
7685.99,8.91928e-18
7687.76,6.92162e-18
7689.53,1.46766e-17
7691.30,1.17845e-17
7693.08,1.18899e-17
7694.85,1.40842e-17
7696.62,9.49086e-18
7698.39,8.53038e-18
7700.16,3.44717e-18
7701.94,6.93687e-18
7703.71,1.45166e-17
7705.49,9.12810e-18
7707.26,1.64472e-17
7709.04,5.07397e-18
7710.81,6.28488e-18
7712.59,-5.79076e-18
7714.36,7.46782e-18
7716.14,2.81678e-17
7717.92,1.23609e-17
7719.69,7.76018e-18
7721.47,7.66865e-18
7723.25,9.47172e-18
7725.03,7.67455e-18
7726.81,1.16409e-17
7728.58,-4.92182e-18
7730.37,1.17510e-17
7732.14,2.87767e-18
7733.93,9.97066e-18
7735.71,1.88947e-18
7737.49,1.50028e-17
7739.27,1.11046e-17
7741.05,1.35861e-17
7742.84,1.09429e-17
7744.62,1.40005e-17
7746.40,7.73183e-18
7748.19,7.50193e-18
7749.97,7.73878e-18
7751.75,-3.11819e-18
7753.54,3.99547e-17
7755.33,1.07984e-17
7757.11,-1.31351e-17
7758.90,7.85003e-18
7760.68,5.26862e-18
7762.47,2.80147e-17
7764.26,1.62981e-17
7766.05,4.75779e-18
7767.84,1.54200e-17
7769.62,1.39344e-17
7771.41,9.37514e-18
7773.20,1.17221e-17
7774.99,1.08577e-17
7776.78,1.71007e-17
7778.57,1.40632e-17
7780.37,3.78533e-18
7782.16,1.13835e-17
7783.95,1.57058e-17
7785.74,9.37038e-18
7787.54,1.33446e-17
7789.33,9.87489e-18
7791.12,9.14428e-18
7792.92,5.17021e-18
7794.71,1.20564e-17
7796.51,4.78143e-17
7798.30,1.95662e-17
7800.10,-2.53963e-18
7801.89,1.26677e-17
7803.69,1.06059e-17
7805.49,7.13417e-18
7807.28,3.97731e-18
7809.08,6.15813e-19
7810.88,1.31116e-17
7812.68,2.18526e-17
7814.48,9.57373e-19
7816.28,9.21288e-18
7818.08,1.70190e-17
7819.88,4.22941e-18
7821.68,1.05514e-17
7823.48,1.93711e-17
7825.28,6.23504e-17
7827.08,-7.05245e-18
7828.88,1.79899e-17
7830.69,9.18304e-18
7832.49,1.08092e-17
7834.30,1.38238e-17
7836.10,1.74694e-17
7837.91,1.20178e-17
7839.71,1.00381e-17
7841.51,3.32316e-18
7843.32,7.49120e-18
7845.13,8.44232e-18
7846.94,4.75388e-18
7848.74,1.06641e-17
7850.55,-1.36176e-18
7852.36,1.05829e-17
7854.17,-2.14952e-17
7855.97,2.74315e-17
7857.78,-1.38049e-17
7859.59,6.69179e-18
7861.40,2.00311e-18
7863.21,1.98725e-17
7865.02,9.93546e-18
7866.84,-8.40549e-18
7868.65,1.23121e-17
7870.46,7.30305e-18
7872.27,4.65714e-18
7874.08,1.55621e-17
7875.90,-5.48684e-18
7877.71,5.25235e-18
7879.53,4.09275e-18
7881.34,6.24793e-18
7883.15,1.10490e-17
7884.97,1.72983e-17
7886.78,1.20430e-17
7888.60,1.39363e-17
7890.42,2.61082e-18
7892.24,9.72601e-18
7894.05,2.30441e-17
7895.87,4.90562e-18
7897.69,8.34324e-18
7899.51,9.81222e-18
7901.33,5.03889e-18
7903.15,1.02839e-17
7904.97,6.84774e-18
7906.79,1.40220e-17
7908.61,1.04627e-17
7910.43,9.47611e-18
7912.25,6.69753e-18
7914.07,1.29799e-18
7915.89,2.85805e-17
7917.72,5.34244e-17
7919.54,-2.02933e-17
7921.36,9.11899e-18
7923.19,1.17244e-17
7925.01,1.69025e-17
7926.84,5.93299e-18
7928.66,1.52789e-18
7930.49,1.41754e-17
7932.32,1.44849e-17
7934.14,1.25780e-17
7935.97,6.65591e-18
7937.80,5.66491e-18
7939.63,9.89140e-18
7941.45,1.91587e-17
7943.28,9.77508e-19
7945.11,1.67470e-17
7946.94,8.15325e-18
7948.77,1.20181e-17
7950.60,6.62109e-18
7952.43,1.02156e-17
7954.26,1.31657e-17
7956.10,7.08725e-18
7957.93,8.42210e-18
7959.76,7.35022e-18
7961.59,3.12323e-18
7963.43,7.05753e-18
7965.26,-2.44932e-18
7967.09,3.65064e-17
7968.93,1.68141e-17
7970.76,7.25955e-18
7972.60,-2.38046e-18
7974.44,1.44419e-17
7976.27,8.65648e-18
7978.11,7.28556e-18
7979.95,1.39387e-17
7981.79,1.80685e-18
7983.62,1.14447e-17
7985.46,1.76817e-18
7987.30,1.03422e-17
7989.14,1.05469e-17
7990.98,9.01516e-18
7992.82,-1.97903e-19
7994.66,-1.12844e-17
7996.50,4.78816e-17
7998.34,2.54079e-18
8000.18,-1.07799e-18
8002.02,1.24807e-17
8003.87,1.07260e-17
8005.71,1.07191e-17
8007.56,5.81285e-18
8009.40,1.17667e-17
8011.25,-7.74248e-19
8013.09,1.42790e-17
8014.93,6.05342e-18
8016.78,7.98635e-18
8018.63,3.72200e-18
8020.47,-3.59695e-18
8022.32,2.87369e-18
8024.17,1.19773e-17
8026.02,-3.05421e-18
8027.86,1.25924e-17
8029.71,1.93386e-17
8031.56,1.37121e-17
8033.41,-4.11826e-18
8035.26,1.04558e-17
8037.11,3.00589e-18
8038.96,4.25777e-18
8040.81,2.65781e-18
8042.67,1.55683e-17
8044.52,1.77627e-17
8046.37,5.60176e-18
8048.22,5.99487e-18
8050.08,5.65961e-18
8051.93,8.03696e-18
8053.78,2.10473e-17
8055.64,2.04599e-17
8057.49,1.47454e-17
8059.35,1.04174e-17
8061.20,8.34003e-18
8063.06,7.60069e-18
8064.92,1.15435e-17
8066.77,-8.53300e-18
8068.63,1.17474e-18
8070.49,1.20410e-17
8072.35,1.75911e-17
8074.21,7.42600e-18
8076.07,1.07488e-17
8077.93,6.10871e-18
8079.79,7.08543e-18
8081.65,2.12728e-18
8083.51,3.73433e-18
8085.37,1.64008e-17
8087.23,1.36960e-17
8089.10,1.56013e-17
8090.96,5.58707e-18
8092.82,3.33749e-18
8094.69,-9.16280e-20
8096.55,1.86216e-17
8098.42,8.37685e-18
8100.28,1.04436e-17
8102.15,5.26121e-18
8104.01,1.05142e-17
8105.87,1.67904e-17
8107.74,3.93626e-18
8109.61,8.63313e-18
8111.48,7.91514e-18
8113.35,7.98654e-18
8115.22,5.42105e-18
8117.08,9.47855e-18
8118.95,1.25040e-17
8120.82,2.94072e-18
8122.69,1.66677e-18
8124.56,9.04566e-18
8126.43,2.00306e-17
8128.31,5.28237e-18
8130.18,9.03245e-18
8132.05,7.24087e-18
8133.92,8.59888e-18
8135.79,-1.56660e-18
8137.67,4.55619e-18
8139.54,5.90816e-18
8141.42,3.98907e-18
8143.29,2.21113e-17
8145.17,1.05785e-17
8147.04,7.01575e-18
8148.92,2.67316e-18
8150.80,2.13253e-17
8152.67,2.83723e-18
8154.55,7.12019e-18
8156.43,1.00489e-17
8158.31,5.09497e-19
8160.19,1.32667e-17
8162.06,1.10188e-17
8163.94,7.39346e-18
8165.82,7.79780e-18
8167.71,1.20533e-17
8169.58,1.18349e-18
8171.47,5.34000e-18
8173.35,1.19880e-17
8175.23,4.18426e-18
8177.11,3.10154e-19
8178.99,7.84934e-18
8180.88,1.09777e-18
8182.76,5.44305e-18
8184.65,8.01434e-18
8186.53,4.11793e-18
8188.42,1.03878e-17
8190.30,-3.60186e-19
8192.19,-2.32393e-18
8194.08,1.17629e-17
8195.96,-9.59642e-19
8197.85,3.56546e-18
8199.74,1.29085e-18
8201.62,6.00157e-18
8203.52,4.60917e-18
8205.40,1.20926e-17
8207.30,8.14820e-18
8209.18,9.80699e-18
8211.08,1.46056e-17
8212.97,3.51287e-18
8214.85,9.20433e-18
8216.75,1.07057e-17
8218.64,4.45535e-18
8220.53,4.11437e-18
8222.43,8.48924e-18
8224.32,1.26003e-17
8226.21,8.47089e-18
8228.11,4.25351e-18
8230.00,1.09820e-17
8231.90,-7.35875e-18
8233.80,1.49007e-17
8235.69,7.43460e-18
8237.59,1.22283e-18
8239.48,7.88259e-18
8241.38,6.90313e-18
8243.28,1.62319e-18
8245.18,1.21102e-17
8247.08,9.73063e-18
8248.98,7.17852e-18
8250.88,3.38677e-18
8252.77,1.26426e-17
8254.67,9.78309e-18
8256.58,7.78062e-18
8258.48,4.42426e-19
8260.38,1.04300e-17
8262.28,5.02954e-18
8264.19,7.62703e-18
8266.09,6.40995e-18
8267.99,9.60341e-18
8269.90,9.54029e-19
8271.80,6.51889e-18
8273.70,8.97887e-18
8275.61,1.04088e-17
8277.52,-5.41729e-18
8279.42,1.00008e-17
8281.33,1.32769e-17
8283.24,1.13016e-17
8285.14,2.47875e-17
8287.05,4.01752e-18
8288.96,1.47628e-19
8290.87,3.73021e-17
8292.78,2.87812e-17
8294.69,5.22228e-18
8296.60,2.63700e-18
8298.51,-4.11930e-18
8300.42,2.78723e-17
8302.33,6.16792e-17
8304.24,4.30645e-18
8306.15,2.03438e-17
8308.07,-8.54129e-19
8309.98,1.08339e-17
8311.89,-8.42762e-18
8313.81,2.03926e-17
8315.72,6.70518e-18
8317.64,-1.82906e-18
8319.55,1.26653e-17
8321.47,6.48368e-18
8323.39,4.28939e-18
8325.30,9.53648e-18
8327.22,5.16680e-18
8329.14,8.72227e-18
8331.06,8.92642e-18
8332.97,9.82752e-18
8334.90,9.26917e-18
8336.81,1.34400e-17
8338.73,8.42917e-18
8340.65,4.91288e-19
8342.57,1.44908e-17
8344.50,4.87257e-18
8346.42,-9.43986e-18
8348.34,6.01118e-17
8350.26,-4.38037e-17
8352.18,1.30876e-17
8354.11,-9.52093e-18
8356.03,-1.49133e-17
8357.96,1.45493e-17
8359.88,-1.31321e-17
8361.81,9.66811e-18
8363.73,1.48990e-17
8365.65,7.16093e-18
8367.58,1.66956e-17
8369.51,1.11534e-17
8371.44,5.32884e-18
8373.36,4.85645e-18
8375.30,8.98286e-18
8377.22,1.21529e-17
8379.15,1.02787e-17
8381.08,-2.69564e-18
8383.01,-2.91689e-18
8384.94,1.59189e-17
8386.87,1.89507e-17
8388.81,-1.93832e-19
8390.73,4.03749e-18
8392.67,5.21550e-18
8394.60,7.48432e-18
8396.53,2.82572e-18
8398.47,2.12065e-17
8400.40,-5.98706e-19
8402.34,5.66823e-17
8404.27,7.14011e-18
8406.20,4.17481e-18
8408.14,7.03174e-19
8410.08,1.57840e-17
8412.02,4.70659e-19
8413.95,-1.02334e-18
8415.89,-6.34005e-18
8417.83,1.98347e-17
8419.76,1.37766e-17
8421.70,6.02775e-18
8423.64,-4.60426e-19
8425.58,7.66057e-18
8427.52,9.10446e-18
8429.47,3.48214e-17
8431.41,2.71729e-18
8433.35,1.72289e-17
8435.29,2.15710e-17
8437.23,-4.98822e-17
8439.18,1.04184e-17
8441.12,3.17440e-19
8443.06,2.61312e-18
8445.01,7.11371e-18
8446.95,1.80086e-17
8448.90,-9.70817e-18
8450.84,2.79698e-17
8452.79,4.20427e-18
8454.73,1.05165e-17
8456.68,8.16636e-18
8458.63,5.01196e-19
8460.58,1.76355e-17
8462.52,7.85390e-18
8464.47,-3.30545e-19
8466.42,1.02785e-17
8468.37,5.07885e-17
8470.33,4.62009e-17
8472.27,4.72531e-18
8474.23,8.37538e-19
8476.18,1.07323e-17
8478.13,1.60208e-17
8480.08,-1.66641e-18
8482.03,4.20142e-18
8483.99,8.85234e-18
8485.94,2.21777e-18
8487.90,6.10283e-18
8489.85,2.44190e-18
8491.80,5.66440e-18
8493.76,7.69653e-18
8495.72,1.38535e-17
8497.67,2.73057e-17
8499.63,7.58876e-18
8501.59,1.22120e-19
8503.55,1.53142e-18
8505.50,1.04234e-18
8507.46,6.04512e-18
8509.42,4.58129e-17
8511.38,-1.62107e-17
8513.34,1.82548e-17
8515.30,8.35830e-19
8517.26,7.01009e-18
8519.22,7.17040e-18
8521.19,1.03974e-17
8523.15,4.08310e-18
8525.11,8.42238e-18
8527.07,8.44478e-18
8529.04,-3.01573e-18
8531.00,4.94986e-18
8532.96,2.17632e-17
8534.93,5.67553e-18
8536.90,4.73351e-18
8538.86,8.40053e-18
8540.83,6.13627e-18
8542.80,9.45762e-18
8544.76,1.84073e-18
8546.73,2.51484e-17
8548.70,-3.39645e-18
8550.67,-7.00862e-18
8552.64,8.55245e-18
8554.60,1.71852e-17
8556.58,8.15276e-18
8558.55,7.91735e-18
8560.51,5.67934e-18
8562.49,1.79132e-18
8564.46,2.14484e-18
8566.43,1.29013e-17
8568.40,-2.26881e-18
8570.38,1.52341e-18
8572.35,1.62270e-17
8574.32,1.42727e-17
8576.30,1.67846e-17
8578.27,1.73924e-17
8580.25,-6.34634e-18
8582.23,6.34122e-18
8584.20,1.23158e-17
8586.18,3.44468e-18
8588.16,8.53561e-18
8590.14,1.45233e-17
8592.11,2.03254e-17
8594.09,6.30410e-18
8596.07,8.62265e-18
8598.05,9.59227e-18
8600.03,1.24384e-18
8602.01,1.54908e-17
8603.99,8.59330e-18
8605.97,7.53433e-18
8607.96,7.41528e-18
8609.94,1.37609e-17
8611.92,5.08198e-18
8613.90,1.05175e-17
8615.89,1.06070e-17
8617.87,6.65966e-18
8619.85,1.14376e-18
8621.84,2.31508e-17
8623.83,2.04091e-18
8625.81,9.31405e-18
8627.80,1.09973e-17
8629.79,1.28173e-17
8631.77,2.00514e-17
8633.76,1.66682e-17
8635.75,-3.73523e-18
8637.74,1.71533e-18
8639.73,2.18892e-17
8641.72,1.25630e-17
8643.71,6.37908e-18
8645.70,4.30996e-18
8647.69,7.40716e-18
8649.68,2.95318e-18
8651.67,5.90508e-18
8653.67,1.47753e-17
8655.66,1.88673e-18
8657.65,-6.14661e-18
8659.64,3.87226e-17
8661.64,-5.59311e-18
8663.63,6.91077e-18
8665.63,-1.52417e-18
8667.62,7.57256e-18
8669.62,1.83716e-17
8671.62,4.21861e-18
8673.61,1.42426e-17
8675.61,-2.07283e-18
8677.61,8.57733e-18
8679.60,3.03336e-17
8681.60,7.70856e-18
8683.60,2.24279e-17
8685.60,-6.56875e-19
8687.60,1.29178e-17
8689.60,1.48028e-17
8691.60,1.31600e-17
8693.60,4.00762e-18
8695.61,2.03574e-17
8697.61,8.11139e-18
8699.62,3.57356e-18
8701.62,-9.71330e-18
8703.62,2.97979e-18
8705.63,-2.57842e-18
8707.63,2.56878e-18
8709.64,1.03772e-17
8711.64,1.20782e-17
8713.65,3.79989e-18
8715.65,1.34701e-17
8717.66,-1.03336e-17
8719.67,-6.32903e-18
8721.68,4.63579e-18
8723.69,5.41547e-18
8725.69,1.69050e-17
8727.71,1.19284e-17
8729.71,1.43805e-17
8731.72,1.59024e-17
8733.74,4.59631e-18
8735.74,8.80046e-18
8737.76,8.34014e-18
8739.77,9.98056e-18
8741.78,2.60551e-18
8743.80,1.20025e-17
8745.81,1.22667e-18
8747.82,-9.32543e-19
8749.84,1.94111e-18
8751.85,2.81561e-18
8753.87,-3.15333e-18
8755.89,1.22789e-17
8757.90,-2.14530e-18
8759.92,1.54527e-17
8761.93,-1.64006e-17
8763.95,1.38342e-17
8765.97,1.74483e-17
8767.99,-2.70030e-17
8770.01,4.03783e-17
8772.03,6.07986e-17
8774.05,-2.03206e-18
8776.07,-6.72183e-18
8778.09,-8.85530e-18
8780.11,-9.84025e-18
8782.13,3.13806e-17
8784.16,-1.08172e-17
8786.18,-7.97862e-18
8788.20,1.56428e-17
8790.23,3.00994e-17
8792.25,1.32924e-17
8794.27,1.50404e-18
8796.30,3.27193e-17
8798.33,-7.25348e-18
8800.35,5.26305e-18
8802.38,1.74084e-19
8804.41,2.09264e-17
8806.43,-1.38075e-18
8808.46,2.01380e-17
8810.49,-3.72307e-19
8812.52,1.70633e-17
8814.55,9.28856e-18
8816.58,1.36532e-17
8818.61,9.02623e-18
8820.64,1.48161e-17
8822.67,1.51706e-17
8824.70,4.01004e-18
8826.73,-1.41165e-17
8828.76,-6.63674e-17
8830.80,1.00751e-16
8832.83,-5.03719e-18
8834.86,1.13183e-17
8836.90,-1.25213e-17
8838.93,-3.84273e-17
8840.97,5.58505e-17
8843.01,-1.62209e-17
8845.05,2.45544e-18
8847.08,2.01830e-17
8849.12,9.30873e-18
8851.16,6.30276e-18
8853.19,2.09616e-17
8855.23,2.95812e-17
8857.27,4.84486e-18
8859.31,1.20228e-17
8861.35,1.01289e-17
8863.39,1.07785e-17
8865.43,4.82823e-18
8867.47,-6.08946e-18
8869.52,5.00439e-18
8871.56,7.55826e-18
8873.60,-8.88591e-18
8875.65,-6.48944e-18
8877.69,1.73614e-17
8879.74,7.54369e-19
8881.78,1.26163e-17
8883.83,9.87656e-18
8885.87,-3.20889e-18
8887.92,-2.74821e-17
8889.96,6.95653e-17
8892.01,-2.64221e-17
8894.06,4.35298e-18
8896.10,1.24708e-17
8898.16,-2.99234e-18
8900.20,9.92112e-18
8902.26,1.41476e-17
8904.30,-9.79062e-18
8906.36,3.68450e-17
8908.41,8.53752e-18
8910.46,2.98838e-19
8912.51,8.29752e-18
8914.56,-4.29049e-18
8916.62,1.15686e-17
8918.67,-9.67419e-18
8920.73,1.47855e-17
8922.78,4.67797e-17
8924.83,6.49074e-17
8926.89,-3.75197e-17
8928.94,1.45226e-17
8931.00,1.30882e-17
8933.06,4.11854e-18
8935.11,-5.95327e-19
8937.17,6.32352e-18
8939.23,9.18312e-18
8941.29,2.70515e-17
8943.34,7.04734e-18
8945.41,-4.21971e-18
8947.46,5.42775e-17
8949.53,-1.62937e-17
8951.59,1.61043e-17
8953.65,6.48822e-18
8955.71,5.28079e-18
8957.77,-3.46207e-18
8959.84,-4.78055e-17
8961.90,1.74702e-16
8963.96,-6.20331e-17
8966.03,1.50873e-17
8968.09,6.71203e-18
8970.16,2.25272e-17
8972.22,6.80702e-18
8974.29,1.69584e-17
8976.35,1.54220e-17
8978.42,4.25655e-19
8980.49,2.32296e-19
8982.56,-4.83716e-19
8984.63,9.08769e-18
8986.69,2.20415e-17
8988.77,1.43596e-17
8990.83,2.90836e-18
8992.91,4.70822e-17
8994.98,-1.26299e-17
8997.05,1.82512e-17
8999.12,2.48449e-17
9001.19,-1.82105e-17
9003.27,1.14029e-17
9005.34,2.14030e-17
9007.41,1.30833e-17
9009.49,-2.19677e-17
9011.56,8.95478e-18
9013.64,1.12058e-17
9015.71,6.42986e-18
9017.79,9.66259e-18
9019.86,7.24966e-18
9021.94,-5.86330e-18
9024.02,6.22549e-18
9026.09,9.33193e-18
9028.18,1.43373e-17
9030.25,8.90386e-18
9032.33,1.70353e-17
9034.41,-4.59136e-19
9036.50,6.10273e-18
9038.58,1.36237e-17
9040.65,-1.46612e-18
9042.74,3.70321e-17
9044.82,8.95900e-18
9046.91,1.32132e-17
9048.99,1.49449e-17
9051.07,-7.22925e-19
9053.16,3.87327e-17
9055.24,-1.70326e-17
9057.33,2.19875e-17
9059.41,2.97735e-18
9061.50,6.91101e-18
9063.58,1.18458e-17
9065.67,1.16798e-17
9067.76,-9.60098e-18
9069.85,1.94982e-17
9071.94,4.12108e-20
9074.02,-2.20696e-18
9076.12,4.88675e-18
9078.20,1.61067e-17
9080.30,1.18056e-17
9082.39,1.15591e-17
9084.48,2.96759e-17
9086.57,2.95221e-18
9088.66,1.45896e-17
9090.76,1.13602e-17
9092.85,-1.71930e-17
9094.94,2.57406e-17
9097.04,2.21154e-17
9099.14,1.60120e-17
9101.23,6.02221e-18
9103.32,-1.67722e-18
9105.42,1.31968e-17
9107.52,1.68256e-17
9109.62,-1.52691e-17
9111.71,1.52060e-17
9113.81,3.07264e-18
9115.91,6.53382e-18
9118.01,3.73617e-18
9120.11,3.10630e-18
9122.21,1.33393e-17
9124.31,1.79784e-17
9126.41,1.25400e-17
9128.51,2.88822e-17
9130.61,1.76006e-17
9132.72,9.96758e-18
9134.82,7.04359e-18
9136.92,-2.15455e-18
9139.03,2.77989e-18
9141.13,-3.75707e-18
9143.24,1.38585e-18
9145.34,1.21412e-17
9147.45,5.58733e-18
9149.56,1.71772e-18
9151.66,1.90148e-17
9153.77,-7.03077e-18
9155.88,8.55917e-18
9157.99,1.35984e-17
9160.10,4.42009e-18
9162.20,1.00195e-17
9164.32,8.00720e-18
9166.42,2.80044e-17
9168.54,1.89359e-19
9170.65,2.91117e-18
9172.76,-3.81528e-18
9174.87,5.18242e-18
9176.98,1.70234e-17
9179.10,8.41230e-18
9181.21,1.24753e-17
9183.33,1.27877e-17
9185.44,9.84856e-18
9187.56,-4.35033e-18
9189.67,2.70617e-18
9191.78,1.11156e-17
9193.91,8.80655e-18
9196.02,5.94516e-18
9198.14,-3.09518e-18
9200.26,2.39210e-17
9202.38,5.39270e-18